k1	k2	looseInDom	strictInDom	WebDivNMFInDom
0.04	0.04	0.930093390153232	0.99962921764924	1
0.04	0.12	0.923474476380452	0.99925843529848	0.999629045720115
0.04	0.2	0.916583552452625	0.9990730441231	0.998979875730316
0.04	0.28	0.908695257956297	0.997033741193919	0.991931744412501
0.04	0.36	0.891649288240094	0.987393400074156	0.970601873319113
0.04	0.44	0.864538942787197	0.968668891360771	0.937494203839377
0.04	0.52	0.830084323148064	0.942528735632184	0.900120560140963
0.04	0.6	0.792456251700064	0.907489803485354	0.855606046554762
0.04	0.68	0.74340375374014	0.862254356692622	0.801539460261523
0.04	0.76	0.681566778493064	0.804041527623285	0.73532412130205
0.08	0.04	0.897361501496056	0.989247311827957	0.956320133543541
0.08	0.12	0.885211714570677	0.983500185391175	0.945933413706761
0.08	0.2	0.872245897180162	0.976084538375973	0.933877399610498
0.08	0.28	0.85102910508659	0.961624026696329	0.912083835667254
0.08	0.36	0.816483815395775	0.9302929180571	0.876843179078179
0.08	0.44	0.772418170278357	0.89191694475343	0.830566632662525
0.08	0.52	0.721008250974703	0.847237671486837	0.776592784939256
0.08	0.6	0.6663342098105	0.792547274749722	0.719094871557081
0.08	0.68	0.612204188956388	0.735446792732666	0.659556709635537
0.08	0.76	0.550820563967722	0.666110493140527	0.590280997867013
0.12	0.04	0.860821470668238	0.966073414905451	0.916906241305759
0.12	0.12	0.836249886662435	0.946978123841305	0.894092553092831
0.12	0.2	0.81204098286336	0.92973674453096	0.869702309190392
0.12	0.28	0.771783479916584	0.89247311827957	0.828711861263099
0.12	0.36	0.721189591078067	0.845012977382277	0.774274320689975
0.12	0.44	0.669416991567685	0.794215795328142	0.721784290086247
0.12	0.52	0.618460422522441	0.739896180941787	0.666790318093295
0.12	0.6	0.565871792546922	0.684464219503152	0.609292404711119
0.12	0.68	0.510653731072627	0.624953652206155	0.548734118519892
0.12	0.76	0.45017680660078	0.553578049684835	0.48112770101085
0.16	0.04	0.819203916946233	0.930663700407861	0.872391727719559
0.16	0.12	0.774594251518724	0.89321468298109	0.828619122693128
0.16	0.2	0.733792728261855	0.85669262143122	0.787072243346008
0.16	0.28	0.685828270922114	0.809974045235447	0.73606602986182
0.16	0.36	0.631879590171366	0.754356692621431	0.68125753500881
0.16	0.44	0.576661528697071	0.695031516499815	0.622183065937123
0.16	0.52	0.528334391150603	0.64330737856878	0.568209218213855
0.16	0.6	0.47511107081331	0.584167593622544	0.509227487712139
0.16	0.68	0.413818115876326	0.512606599925844	0.443104887322637
0.16	0.76	0.344274186236286	0.432146829810901	0.36622461281647
0.2	0.04	0.76833801795267	0.888023730070449	0.818881572846147
0.2	0.12	0.71003717472119	0.832220986281053	0.760085319484374
0.2	0.2	0.655635143712032	0.776232851316277	0.704256700361681
0.2	0.28	0.599691721824281	0.719873934000742	0.64638783269962
0.2	0.36	0.541300208541119	0.657026325546904	0.583603820829083
0.2	0.44	0.489708949134101	0.597515758249907	0.525920430306965
0.2	0.52	0.431589446005984	0.533370411568409	0.46332189557637
0.2	0.6	0.379091486082147	0.472932888394512	0.404618380784568
0.2	0.68	0.31580379000816	0.398776418242492	0.335899100435871
0.2	0.76	0.253694804606039	0.326103077493511	0.269683761476398
0.24	0.04	0.706138362498867	0.824434556915091	0.7538718352963
0.24	0.12	0.63532505213528	0.754356692621431	0.681721227858666
0.24	0.2	0.570405295131018	0.686874304783092	0.614949457479366
0.24	0.28	0.510835071175991	0.623655913978495	0.551145321339145
0.24	0.36	0.453259588357965	0.556915090841676	0.487155708058982
0.24	0.44	0.400670958382446	0.49833147942158	0.431141611796346
0.24	0.52	0.345996917218243	0.433259176863181	0.370768802745062
0.24	0.6	0.292138906519177	0.371153133110864	0.311601595103404
0.24	0.68	0.236648834889836	0.303856136447905	0.249466753222665
0.24	0.76	0.180977423157131	0.234334445680386	0.19122693128072
0.28	0.04	0.641399945597969	0.760103819058213	0.685616247797459
0.28	0.12	0.5554447366035	0.669076751946607	0.597236390614857
0.28	0.2	0.493789101459788	0.603448275862069	0.53222665306501
0.28	0.28	0.433221506936259	0.53559510567297	0.467402392655105
0.28	0.36	0.376552724635053	0.472376714868372	0.406565890753965
0.28	0.44	0.324870795176353	0.408787541713014	0.350180840211444
0.28	0.52	0.273823556079427	0.350018539117538	0.294074005378837
0.28	0.6	0.22322966724091	0.288283277715981	0.237410739126403
0.28	0.68	0.173723819022577	0.225064886911383	0.183900584252991
0.32	0.04	0.574757457611751	0.688913607712273	0.61596958174905
0.32	0.12	0.483634055671412	0.591954022988506	0.520077900398776
0.32	0.2	0.415450176806601	0.518168335187245	0.44699990726143
0.32	0.28	0.354066551817935	0.444382647385984	0.383473986831123
0.32	0.36	0.305286064013056	0.388394512421209	0.328665491978114
0.32	0.44	0.255870885846405	0.328698553948832	0.275155337104702
0.32	0.52	0.206365037628071	0.264367816091954	0.220346842251693
0.32	0.6	0.159216610753468	0.205598813496478	0.169804321617361
0.36	0.04	0.506482908695258	0.616054875787913	0.542798850041732
0.36	0.12	0.411098014325868	0.510567296996663	0.442362978762867
0.36	0.2	0.343458155771149	0.433629959213941	0.370212371325234
0.36	0.28	0.295312358328044	0.377641824249166	0.319020680701104
0.36	0.36	0.242270378094116	0.308861698183167	0.25948251877956
0.36	0.44	0.188865717653459	0.242491657397108	0.203375683946954
0.36	0.52	0.149242905068456	0.193548387096774	0.159510340350552
0.4	0.04	0.441653821742678	0.542639970337412	0.473430399703237
0.4	0.12	0.343730165926195	0.435113088616982	0.370305109895205
0.4	0.2	0.285792002901442	0.365776789024842	0.308633960864324
0.4	0.28	0.23075528153051	0.299035965888024	0.249930446072522
0.4	0.36	0.177713301296582	0.231553578049685	0.191597885560605
0.4	0.44	0.13673043793635	0.17834631071561	0.147083371974404
