domainDef	Ntopdommks	LFF_Xenium_loose	LFF_Xenium_strict	LFF_Visium	k1	k2	looseInDom	strictInDom
LC_k1_0.05_k2_0.04	10	0.442424242424242	0.0787878787878788	0.418181818181818	0.05	0.04	0.711412812897751	0.835701275045537
LC_k1_0.05_k2_0.04	20	0.762406015037594	0.628571428571429	0.675187969924812	0.05	0.04	0.711412812897751	0.835701275045537
LC_k1_0.05_k2_0.04	30	0.83448275862069	0.80111234705228	0.755283648498332	0.05	0.04	0.711412812897751	0.835701275045537
LC_k1_0.05_k2_0.04	40	0.869418386491557	0.831332082551595	0.787429643527205	0.05	0.04	0.711412812897751	0.835701275045537
LC_k1_0.05_k2_0.04	50	0.864393757503001	0.837599039615846	0.788139255702281	0.05	0.04	0.711412812897751	0.835701275045537
LC_k1_0.05_k2_0.04	60	0.868963601000278	0.835176437899417	0.822895248680189	0.05	0.04	0.711412812897751	0.835701275045537
LC_k1_0.05_k2_0.04	70	0.880885311871227	0.852436357274079	0.872627066748316	0.05	0.04	0.711412812897751	0.835701275045537
LC_k1_0.05_k2_0.04	80	0.88413033286451	0.867909048288795	0.874074074074074	0.05	0.04	0.711412812897751	0.835701275045537
LC_k1_0.05_k2_0.04	90	0.884759435321233	0.872181750833436	0.892760423097502	0.05	0.04	0.711412812897751	0.835701275045537
LC_k1_0.05_k2_0.04	100	0.878559855985599	0.869318931893189	0.907866786678668	0.05	0.04	0.711412812897751	0.835701275045537
LC_k1_0.05_k2_0.04	110	0.876879381466537	0.872190789621982	0.924080878209318	0.05	0.04	0.711412812897751	0.835701275045537
LC_k1_0.05_k2_0.04	120	0.878519341620946	0.872102229321481	0.930884089172859	0.05	0.04	0.711412812897751	0.835701275045537
LC_k1_0.05_k2_0.04	130	0.885466140463478	0.87906976744186	0.928001201709705	0.05	0.04	0.711412812897751	0.835701275045537
LC_k1_0.05_k2_0.04	140	0.893652008484398	0.887332444075135	0.930423563884455	0.05	0.04	0.711412812897751	0.835701275045537
LC_k1_0.05_k2_0.04	150	0.90008089248411	0.891220054224632	0.920874705542469	0.05	0.04	0.711412812897751	0.835701275045537
LC_k1_0.05_k2_0.04	160	0.89996191257471	0.891204734559944	0.921408062814954	0.05	0.04	0.711412812897751	0.835701275045537
LC_k1_0.05_k2_0.04	170	0.889309420435879	0.879492675301201	0.91046952571125	0.05	0.04	0.711412812897751	0.835701275045537
LC_k1_0.05_k2_0.04	180	0.880739117462473	0.870232620348365	0.898675885058181	0.05	0.04	0.711412812897751	0.835701275045537
LC_k1_0.05_k2_0.04	190	0.876481780367148	0.866685911987648	0.892924282783748	0.05	0.04	0.711412812897751	0.835701275045537
LC_k1_0.05_k2_0.04	200	0.864359108977725	0.85409585239631	0.899936998424961	0.05	0.04	0.711412812897751	0.835701275045537
LC_k1_0.05_k2_0.04	210	0.864748471782645	0.852371126005449	0.895424904354812	0.05	0.04	0.711412812897751	0.835701275045537
LC_k1_0.05_k2_0.04	220	0.843560629539679	0.831107329415146	0.894920067845128	0.05	0.04	0.711412812897751	0.835701275045537
LC_k1_0.05_k2_0.04	230	0.842381503061207	0.825354140827845	0.900845992814856	0.05	0.04	0.711412812897751	0.835701275045537
LC_k1_0.05_k2_0.04	240	0.838949460928141	0.821977812114794	0.90985867810205	0.05	0.04	0.711412812897751	0.835701275045537
LC_k1_0.05_k2_0.04	250	0.829415254644074	0.812737099793597	0.910962415555022	0.05	0.04	0.711412812897751	0.835701275045537
LC_k1_0.05_k2_0.04	260	0.83236074270557	0.813253723598551	0.910962415555022	0.05	0.04	0.711412812897751	0.835701275045537
LC_k1_0.05_k2_0.04	270	0.824116471647988	0.807833364578999	0.910962415555022	0.05	0.04	0.711412812897751	0.835701275045537
LC_k1_0.05_k2_0.04	280	0.82675435000082	0.806834817499494	0.910962415555022	0.05	0.04	0.711412812897751	0.835701275045537
LC_k1_0.05_k2_0.04	290	0.817795037129885	0.795069111896447	0.910962415555022	0.05	0.04	0.711412812897751	0.835701275045537
LC_k1_0.05_k2_0.04	300	0.810806786742075	0.794264380715341	0.910962415555022	0.05	0.04	0.711412812897751	0.835701275045537
LC_k1_0.05_k2_0.12	10	0.381818181818182	-0.115151515151515	0.454545454545455	0.05	0.12	0.70937632583793	0.835154826958106
LC_k1_0.05_k2_0.12	20	0.792481203007519	0.666165413533835	0.723308270676692	0.05	0.12	0.70937632583793	0.835154826958106
LC_k1_0.05_k2_0.12	30	0.846051167964405	0.816240266963293	0.765962180200222	0.05	0.12	0.70937632583793	0.835154826958106
LC_k1_0.05_k2_0.12	40	0.873170731707317	0.834709193245779	0.80187617260788	0.05	0.12	0.70937632583793	0.835154826958106
LC_k1_0.05_k2_0.12	50	0.870828331332533	0.830684273709484	0.808979591836735	0.05	0.12	0.70937632583793	0.835154826958106
LC_k1_0.05_k2_0.12	60	0.881133648235621	0.842011669908308	0.836121144762434	0.05	0.12	0.70937632583793	0.835154826958106
LC_k1_0.05_k2_0.12	70	0.892362872889511	0.862339252908757	0.88669407750853	0.05	0.12	0.70937632583793	0.835154826958106
LC_k1_0.05_k2_0.12	80	0.882817627754337	0.858860759493671	0.87906704172527	0.05	0.12	0.70937632583793	0.835154826958106
LC_k1_0.05_k2_0.12	90	0.881549162448039	0.866370333786064	0.898028563197103	0.05	0.12	0.70937632583793	0.835154826958106
LC_k1_0.05_k2_0.12	100	0.881740174017402	0.874923492349235	0.904914491449145	0.05	0.12	0.70937632583793	0.835154826958106
LC_k1_0.05_k2_0.12	110	0.890836958726867	0.883930302278926	0.920582467371458	0.05	0.12	0.70937632583793	0.835154826958106
LC_k1_0.05_k2_0.12	120	0.900437530384054	0.892589763177998	0.92166122647406	0.05	0.12	0.70937632583793	0.835154826958106
LC_k1_0.05_k2_0.12	130	0.891562086058802	0.884417375629873	0.928399950839148	0.05	0.12	0.70937632583793	0.835154826958106
LC_k1_0.05_k2_0.12	140	0.903553388292406	0.89621044805493	0.925997682097483	0.05	0.12	0.70937632583793	0.835154826958106
LC_k1_0.05_k2_0.12	150	0.902552113427264	0.891909862660563	0.925774478865728	0.05	0.12	0.70937632583793	0.835154826958106
LC_k1_0.05_k2_0.12	160	0.901327200281261	0.889145083792336	0.917722371967655	0.05	0.12	0.70937632583793	0.835154826958106
LC_k1_0.05_k2_0.12	170	0.903100249754215	0.890489188512528	0.911720128724177	0.05	0.12	0.70937632583793	0.835154826958106
LC_k1_0.05_k2_0.12	180	0.893669557702398	0.88217743345988	0.896311614556005	0.05	0.12	0.70937632583793	0.835154826958106
LC_k1_0.05_k2_0.12	190	0.887089451377134	0.876794954226754	0.890719818744068	0.05	0.12	0.70937632583793	0.835154826958106
LC_k1_0.05_k2_0.12	200	0.874599864996625	0.865200630015751	0.892205805145129	0.05	0.12	0.70937632583793	0.835154826958106
LC_k1_0.05_k2_0.12	210	0.868971437641929	0.857608692131017	0.895567440790689	0.05	0.12	0.70937632583793	0.835154826958106
LC_k1_0.05_k2_0.12	220	0.868277894547032	0.854348230335338	0.894364459070341	0.05	0.12	0.70937632583793	0.835154826958106
LC_k1_0.05_k2_0.12	230	0.858919663969977	0.84310445582517	0.901504836534265	0.05	0.12	0.70937632583793	0.835154826958106
LC_k1_0.05_k2_0.12	240	0.84967100123266	0.831434573516901	0.909035747148388	0.05	0.12	0.70937632583793	0.835154826958106
LC_k1_0.05_k2_0.12	250	0.850507944127106	0.830331493303893	0.910147971605912	0.05	0.12	0.70937632583793	0.835154826958106
LC_k1_0.05_k2_0.12	260	0.842204766342697	0.822167829064381	0.910147971605912	0.05	0.12	0.70937632583793	0.835154826958106
LC_k1_0.05_k2_0.12	270	0.828372588558599	0.809081971860611	0.910147971605912	0.05	0.12	0.70937632583793	0.835154826958106
LC_k1_0.05_k2_0.12	280	0.821030880495925	0.79473134679196	0.910147971605912	0.05	0.12	0.70937632583793	0.835154826958106
LC_k1_0.05_k2_0.12	290	0.81965393003566	0.797349183290137	0.910147971605912	0.05	0.12	0.70937632583793	0.835154826958106
LC_k1_0.05_k2_0.12	300	0.812029911443461	0.793186590962122	0.910147971605912	0.05	0.12	0.70937632583793	0.835154826958106
LC_k1_0.05_k2_0.2	10	0.466666666666667	0.163636363636364	0.478787878787879	0.05	0.2	0.706321595248197	0.832786885245902
LC_k1_0.05_k2_0.2	20	0.795488721804511	0.675187969924812	0.697744360902256	0.05	0.2	0.706321595248197	0.832786885245902
LC_k1_0.05_k2_0.2	30	0.837152391546163	0.811345939933259	0.73615127919911	0.05	0.2	0.706321595248197	0.832786885245902
LC_k1_0.05_k2_0.2	40	0.876735459662289	0.836397748592871	0.799249530956848	0.05	0.2	0.706321595248197	0.832786885245902
LC_k1_0.05_k2_0.2	50	0.874861944777911	0.838847539015606	0.799567827130852	0.05	0.2	0.706321595248197	0.832786885245902
LC_k1_0.05_k2_0.2	60	0.886079466518478	0.852347874409558	0.831731036399	0.05	0.2	0.706321595248197	0.832786885245902
LC_k1_0.05_k2_0.2	70	0.897506779809291	0.870002624442306	0.877211092642813	0.05	0.2	0.706321595248197	0.832786885245902
LC_k1_0.05_k2_0.2	80	0.889310829817159	0.87149554617909	0.875996249413971	0.05	0.2	0.706321595248197	0.832786885245902
LC_k1_0.05_k2_0.2	90	0.899905338107585	0.88576367452772	0.89391282874429	0.05	0.2	0.706321595248197	0.832786885245902
LC_k1_0.05_k2_0.2	100	0.896741674167417	0.887644764476448	0.908034803480348	0.05	0.2	0.706321595248197	0.832786885245902
LC_k1_0.05_k2_0.2	110	0.890566463043527	0.885877871198972	0.920961161328134	0.05	0.2	0.706321595248197	0.832786885245902
LC_k1_0.05_k2_0.2	120	0.88988818667963	0.884755885825405	0.931467463018265	0.05	0.2	0.706321595248197	0.832786885245902
LC_k1_0.05_k2_0.2	130	0.898428218328804	0.8932390173292	0.927449507708695	0.05	0.2	0.706321595248197	0.832786885245902
LC_k1_0.05_k2_0.2	140	0.902608733681748	0.896258555465658	0.928249983599746	0.05	0.2	0.706321595248197	0.832786885245902
LC_k1_0.05_k2_0.2	150	0.90314236188275	0.89536601626739	0.921056046935419	0.05	0.2	0.706321595248197	0.832786885245902
LC_k1_0.05_k2_0.2	160	0.909724012656744	0.901347708894879	0.919603304816594	0.05	0.2	0.706321595248197	0.832786885245902
LC_k1_0.05_k2_0.2	170	0.895183834979025	0.883698804965773	0.910889650160905	0.05	0.2	0.706321595248197	0.832786885245902
LC_k1_0.05_k2_0.2	180	0.890482216529317	0.880243217383253	0.899081247363602	0.05	0.2	0.706321595248197	0.832786885245902
LC_k1_0.05_k2_0.2	190	0.881217878903192	0.871422010523692	0.8920739895113	0.05	0.2	0.706321595248197	0.832786885245902
LC_k1_0.05_k2_0.2	200	0.870371259281482	0.861702542563564	0.897398934973374	0.05	0.2	0.706321595248197	0.832786885245902
LC_k1_0.05_k2_0.2	210	0.862213914795606	0.851854107478952	0.895235719630831	0.05	0.2	0.706321595248197	0.832786885245902
LC_k1_0.05_k2_0.2	220	0.858244253731764	0.84269397001065	0.895424961823028	0.05	0.2	0.706321595248197	0.832786885245902
LC_k1_0.05_k2_0.2	230	0.847803155644432	0.83207178240404	0.901100456407083	0.05	0.2	0.706321595248197	0.832786885245902
LC_k1_0.05_k2_0.2	240	0.842645705654612	0.825431865136547	0.908755360336117	0.05	0.2	0.706321595248197	0.832786885245902
LC_k1_0.05_k2_0.2	250	0.841599769596314	0.820105409686555	0.909873632591475	0.05	0.2	0.706321595248197	0.832786885245902
LC_k1_0.05_k2_0.2	260	0.841052951397779	0.822765926214202	0.909873632591475	0.05	0.2	0.706321595248197	0.832786885245902
LC_k1_0.05_k2_0.2	270	0.83346273611435	0.812607702285201	0.909873632591475	0.05	0.2	0.706321595248197	0.832786885245902
LC_k1_0.05_k2_0.2	280	0.821547468717713	0.80384953889718	0.909873632591475	0.05	0.2	0.706321595248197	0.832786885245902
LC_k1_0.05_k2_0.2	290	0.81503720368974	0.790309204545874	0.909873632591475	0.05	0.2	0.706321595248197	0.832786885245902
LC_k1_0.05_k2_0.2	300	0.807868531872576	0.789117656862854	0.909873632591475	0.05	0.2	0.706321595248197	0.832786885245902
LC_k1_0.05_k2_0.28	10	0.43030303030303	-0.127272727272727	0.393939393939394	0.05	0.28	0.695630038184132	0.822040072859745
LC_k1_0.05_k2_0.28	20	0.795488721804511	0.664661654135338	0.688721804511278	0.05	0.28	0.695630038184132	0.822040072859745
LC_k1_0.05_k2_0.28	30	0.829588431590656	0.787764182424917	0.753948832035595	0.05	0.28	0.695630038184132	0.822040072859745
LC_k1_0.05_k2_0.28	40	0.896998123827392	0.872232645403377	0.803001876172608	0.05	0.28	0.695630038184132	0.822040072859745
LC_k1_0.05_k2_0.28	50	0.870348139255702	0.830108043217287	0.812244897959184	0.05	0.28	0.695630038184132	0.822040072859745
LC_k1_0.05_k2_0.28	60	0.878132814670742	0.846901917199222	0.837843845512643	0.05	0.28	0.695630038184132	0.822040072859745
LC_k1_0.05_k2_0.28	70	0.903525500831073	0.875426471874727	0.877770973668096	0.05	0.28	0.695630038184132	0.822040072859745
LC_k1_0.05_k2_0.28	80	0.895194561650258	0.878973277074543	0.884224097515237	0.05	0.28	0.695630038184132	0.822040072859745
LC_k1_0.05_k2_0.28	90	0.890998888751698	0.880446145614685	0.897057249866239	0.05	0.28	0.695630038184132	0.822040072859745
LC_k1_0.05_k2_0.28	100	0.904626462646265	0.898733873387339	0.904098409840984	0.05	0.28	0.695630038184132	0.822040072859745
LC_k1_0.05_k2_0.28	110	0.910285598358993	0.90338795843383	0.917868494015283	0.05	0.28	0.695630038184132	0.822040072859745
LC_k1_0.05_k2_0.28	120	0.911618862421001	0.905347593582887	0.919494409333981	0.05	0.28	0.695630038184132	0.822040072859745
LC_k1_0.05_k2_0.28	130	0.909751601141624	0.902901855822147	0.92808313646233	0.05	0.28	0.695630038184132	0.822040072859745
LC_k1_0.05_k2_0.28	140	0.905473311320548	0.896249808663707	0.931193282456102	0.05	0.28	0.695630038184132	0.822040072859745
LC_k1_0.05_k2_0.28	150	0.912376550068892	0.90284368194142	0.926304280190231	0.05	0.28	0.695630038184132	0.822040072859745
LC_k1_0.05_k2_0.28	160	0.915255478729638	0.904221844603305	0.915489862885269	0.05	0.28	0.695630038184132	0.822040072859745
LC_k1_0.05_k2_0.28	170	0.914123631389647	0.901944907517663	0.914033255781291	0.05	0.28	0.695630038184132	0.822040072859745
LC_k1_0.05_k2_0.28	180	0.912116629114067	0.900231488626192	0.902200685206333	0.05	0.28	0.695630038184132	0.822040072859745
LC_k1_0.05_k2_0.28	190	0.908087846142407	0.897301718519685	0.893449155174148	0.05	0.28	0.695630038184132	0.822040072859745
LC_k1_0.05_k2_0.28	200	0.902662566564164	0.890920273006825	0.896072901822546	0.05	0.28	0.695630038184132	0.822040072859745
LC_k1_0.05_k2_0.28	210	0.894948055187516	0.882166424246744	0.899331698483607	0.05	0.28	0.695630038184132	0.822040072859745
LC_k1_0.05_k2_0.28	220	0.885987501620056	0.870437217898942	0.898258228475795	0.05	0.28	0.695630038184132	0.822040072859745
LC_k1_0.05_k2_0.28	230	0.872584753389766	0.855472569958995	0.904549523004051	0.05	0.28	0.695630038184132	0.822040072859745
LC_k1_0.05_k2_0.28	240	0.865824059445476	0.848822028160211	0.911469817184326	0.05	0.28	0.695630038184132	0.822040072859745
LC_k1_0.05_k2_0.28	250	0.848410502568041	0.82789228627658	0.912554439148178	0.05	0.28	0.695630038184132	0.822040072859745
LC_k1_0.05_k2_0.28	260	0.850717409338099	0.826893888962854	0.912554439148178	0.05	0.28	0.695630038184132	0.822040072859745
LC_k1_0.05_k2_0.28	270	0.838347424366437	0.815882248041811	0.912554439148178	0.05	0.28	0.695630038184132	0.822040072859745
LC_k1_0.05_k2_0.28	280	0.83248601931876	0.806703073836583	0.912554439148178	0.05	0.28	0.695630038184132	0.822040072859745
LC_k1_0.05_k2_0.28	290	0.820216321404453	0.799499850545601	0.912554439148178	0.05	0.28	0.695630038184132	0.822040072859745
LC_k1_0.05_k2_0.28	300	0.804357826198069	0.784371381904243	0.912554439148178	0.05	0.28	0.695630038184132	0.822040072859745
LC_k1_0.05_k2_0.36	10	0.236363636363636	0.175757575757576	0.539393939393939	0.05	0.36	0.6708527789563	0.798724954462659
LC_k1_0.05_k2_0.36	20	0.754887218045113	0.696240601503759	0.744360902255639	0.05	0.36	0.6708527789563	0.798724954462659
LC_k1_0.05_k2_0.36	30	0.872747497219132	0.852725250278087	0.766852057842047	0.05	0.36	0.6708527789563	0.798724954462659
LC_k1_0.05_k2_0.36	40	0.86829268292683	0.827767354596623	0.836772983114447	0.05	0.36	0.6708527789563	0.798724954462659
LC_k1_0.05_k2_0.36	50	0.883025210084034	0.853925570228091	0.812148859543818	0.05	0.36	0.6708527789563	0.798724954462659
LC_k1_0.05_k2_0.36	60	0.896860238955266	0.867463184217839	0.838232842456238	0.05	0.36	0.6708527789563	0.798724954462659
LC_k1_0.05_k2_0.36	70	0.899431370833698	0.872312133671595	0.881970081357711	0.05	0.36	0.6708527789563	0.798724954462659
LC_k1_0.05_k2_0.36	80	0.908884200656353	0.889943741209564	0.884763244256915	0.05	0.36	0.6708527789563	0.798724954462659
LC_k1_0.05_k2_0.36	90	0.910128822488373	0.894340865127382	0.896332880602543	0.05	0.36	0.6708527789563	0.798724954462659
LC_k1_0.05_k2_0.36	100	0.893573357335734	0.886372637263726	0.910807080708071	0.05	0.36	0.6708527789563	0.798724954462659
LC_k1_0.05_k2_0.36	110	0.895525550571422	0.891377950093546	0.923440705092081	0.05	0.36	0.6708527789563	0.798724954462659
LC_k1_0.05_k2_0.36	120	0.904326689353427	0.899138829085353	0.934321827904715	0.05	0.36	0.6708527789563	0.798724954462659
LC_k1_0.05_k2_0.36	130	0.904098103210477	0.897439538980459	0.929929399554821	0.05	0.36	0.6708527789563	0.798724954462659
LC_k1_0.05_k2_0.36	140	0.910074129146531	0.902731188909055	0.927939472130502	0.05	0.36	0.6708527789563	0.798724954462659
LC_k1_0.05_k2_0.36	150	0.915292235210454	0.907818125250011	0.923260589359527	0.05	0.36	0.6708527789563	0.798724954462659
LC_k1_0.05_k2_0.36	160	0.910702566506504	0.90124516582679	0.918132544240009	0.05	0.36	0.6708527789563	0.798724954462659
LC_k1_0.05_k2_0.36	170	0.899245852187029	0.88703537472292	0.912233071366198	0.05	0.36	0.6708527789563	0.798724954462659
LC_k1_0.05_k2_0.36	180	0.891441093860922	0.881280286428594	0.899272611294587	0.05	0.36	0.6708527789563	0.798724954462659
LC_k1_0.05_k2_0.36	190	0.879464805119256	0.865706150192235	0.894292450148058	0.05	0.36	0.6708527789563	0.798724954462659
LC_k1_0.05_k2_0.36	200	0.878874971874297	0.866570164254106	0.896459911497788	0.05	0.36	0.6708527789563	0.798724954462659
LC_k1_0.05_k2_0.36	210	0.871954336509088	0.858449657102688	0.896575562128069	0.05	0.36	0.6708527789563	0.798724954462659
LC_k1_0.05_k2_0.36	220	0.854078878414092	0.841829564472594	0.895716853654001	0.05	0.36	0.6708527789563	0.798724954462659
LC_k1_0.05_k2_0.36	230	0.854315648278056	0.840716640488807	0.902472389960524	0.05	0.36	0.6708527789563	0.798724954462659
LC_k1_0.05_k2_0.36	240	0.846599767357072	0.828633309606069	0.909481067379642	0.05	0.36	0.6708527789563	0.798724954462659
LC_k1_0.05_k2_0.36	250	0.845964383430135	0.825713435414967	0.910586914029011	0.05	0.36	0.6708527789563	0.798724954462659
LC_k1_0.05_k2_0.36	260	0.832702805116598	0.810507665680079	0.910586914029011	0.05	0.36	0.6708527789563	0.798724954462659
LC_k1_0.05_k2_0.36	270	0.827077646241146	0.80457345093897	0.910586914029011	0.05	0.36	0.6708527789563	0.798724954462659
LC_k1_0.05_k2_0.36	280	0.822590484936943	0.798621338100158	0.910586914029011	0.05	0.36	0.6708527789563	0.798724954462659
LC_k1_0.05_k2_0.36	290	0.816397177218475	0.797113500468044	0.910586914029011	0.05	0.36	0.6708527789563	0.798724954462659
LC_k1_0.05_k2_0.36	300	0.806752519472439	0.789214991277681	0.910586914029011	0.05	0.36	0.6708527789563	0.798724954462659
LC_k1_0.05_k2_0.44	10	0.333333333333333	0.333333333333333	0.442424242424242	0.05	0.44	0.640220619431481	0.775409836065574
LC_k1_0.05_k2_0.44	20	0.804511278195489	0.762406015037594	0.741353383458647	0.05	0.44	0.640220619431481	0.775409836065574
LC_k1_0.05_k2_0.44	30	0.904783092324805	0.885650723025584	0.817130144605117	0.05	0.44	0.640220619431481	0.775409836065574
LC_k1_0.05_k2_0.44	40	0.935084427767355	0.921951219512195	0.825891181988743	0.05	0.44	0.640220619431481	0.775409836065574
LC_k1_0.05_k2_0.44	50	0.884273709483793	0.844609843937575	0.817911164465786	0.05	0.44	0.640220619431481	0.775409836065574
LC_k1_0.05_k2_0.44	60	0.903639899972215	0.865018060572382	0.835954431786608	0.05	0.44	0.640220619431481	0.775409836065574
LC_k1_0.05_k2_0.44	70	0.883054850844196	0.857020383168577	0.869897646750066	0.05	0.44	0.640220619431481	0.775409836065574
LC_k1_0.05_k2_0.44	80	0.903281762775434	0.879723394280356	0.894069385841538	0.05	0.44	0.640220619431481	0.775409836065574
LC_k1_0.05_k2_0.44	90	0.896398732353789	0.879606535786311	0.89195373914475	0.05	0.44	0.640220619431481	0.775409836065574
LC_k1_0.05_k2_0.44	100	0.900642064206421	0.890393039303931	0.907986798679868	0.05	0.44	0.640220619431481	0.775409836065574
LC_k1_0.05_k2_0.44	110	0.901647769537678	0.895723914072538	0.923503820751527	0.05	0.44	0.640220619431481	0.775409836065574
LC_k1_0.05_k2_0.44	120	0.9080144454476	0.900979234669074	0.929960413917633	0.05	0.44	0.640220619431481	0.775409836065574
LC_k1_0.05_k2_0.44	130	0.91167979898674	0.904955686954622	0.929612585178003	0.05	0.44	0.640220619431481	0.775409836065574
LC_k1_0.05_k2_0.44	140	0.910690778684044	0.901681572674991	0.927318449192014	0.05	0.44	0.640220619431481	0.775409836065574
LC_k1_0.05_k2_0.44	150	0.915363349482199	0.905848259922663	0.921692519667541	0.05	0.44	0.640220619431481	0.775409836065574
LC_k1_0.05_k2_0.44	160	0.907459275752959	0.898362240712528	0.91229344896285	0.05	0.44	0.640220619431481	0.775409836065574
LC_k1_0.05_k2_0.44	170	0.90060148631237	0.889751528141621	0.911216956418195	0.05	0.44	0.640220619431481	0.775409836065574
LC_k1_0.05_k2_0.44	180	0.892297087358663	0.87844069261397	0.8962848647592	0.05	0.44	0.640220619431481	0.775409836065574
LC_k1_0.05_k2_0.44	190	0.88417116088651	0.870059091883286	0.891388156254511	0.05	0.44	0.640220619431481	0.775409836065574
LC_k1_0.05_k2_0.44	200	0.877121428035701	0.861693542338559	0.892181804545114	0.05	0.44	0.640220619431481	0.775409836065574
LC_k1_0.05_k2_0.44	210	0.871667967851555	0.85634659678062	0.897026495579751	0.05	0.44	0.640220619431481	0.775409836065574
LC_k1_0.05_k2_0.44	220	0.862725187785623	0.84684131340054	0.902183553754867	0.05	0.44	0.640220619431481	0.775409836065574
LC_k1_0.05_k2_0.44	230	0.85296738575645	0.835489287625228	0.900373558471147	0.05	0.44	0.640220619431481	0.775409836065574
LC_k1_0.05_k2_0.44	240	0.85080036111738	0.832288755013108	0.908128613343981	0.05	0.44	0.640220619431481	0.775409836065574
LC_k1_0.05_k2_0.44	250	0.835372725963616	0.81835280564489	0.909260656356092	0.05	0.44	0.640220619431481	0.775409836065574
LC_k1_0.05_k2_0.44	260	0.833411509273578	0.810543169163859	0.909260656356092	0.05	0.44	0.640220619431481	0.775409836065574
LC_k1_0.05_k2_0.44	270	0.822706911083981	0.79937661086648	0.909260656356092	0.05	0.44	0.640220619431481	0.775409836065574
LC_k1_0.05_k2_0.44	280	0.817577665895884	0.792619074951758	0.909260656356092	0.05	0.44	0.640220619431481	0.775409836065574
LC_k1_0.05_k2_0.44	290	0.810960727320141	0.790498636459247	0.909260656356092	0.05	0.44	0.640220619431481	0.775409836065574
LC_k1_0.05_k2_0.44	300	0.810345448282759	0.791483905376726	0.909260656356092	0.05	0.44	0.640220619431481	0.775409836065574
LC_k1_0.05_k2_0.52	10	0.709090909090909	0.442424242424242	0.721212121212121	0.05	0.52	0.600848536274926	0.736976320582878
LC_k1_0.05_k2_0.52	20	0.810526315789474	0.75187969924812	0.721804511278195	0.05	0.52	0.600848536274926	0.736976320582878
LC_k1_0.05_k2_0.52	30	0.895439377085651	0.87007786429366	0.80111234705228	0.05	0.52	0.600848536274926	0.736976320582878
LC_k1_0.05_k2_0.52	40	0.926078799249531	0.898686679174484	0.833208255159475	0.05	0.52	0.600848536274926	0.736976320582878
LC_k1_0.05_k2_0.52	50	0.939111644657863	0.906074429771909	0.844801920768307	0.05	0.52	0.600848536274926	0.736976320582878
LC_k1_0.05_k2_0.52	60	0.900305640455682	0.866351764378995	0.85590441789386	0.05	0.52	0.600848536274926	0.736976320582878
LC_k1_0.05_k2_0.52	70	0.908494444930452	0.883124835972356	0.890088356224302	0.05	0.52	0.600848536274926	0.736976320582878
LC_k1_0.05_k2_0.52	80	0.900867323019222	0.881950304735115	0.901218940459447	0.05	0.52	0.600848536274926	0.736976320582878
LC_k1_0.05_k2_0.52	90	0.911412931637651	0.89799563732148	0.883211919166975	0.05	0.52	0.600848536274926	0.736976320582878
LC_k1_0.05_k2_0.52	100	0.90953495349535	0.892661266126613	0.901170117011701	0.05	0.52	0.600848536274926	0.736976320582878
LC_k1_0.05_k2_0.52	110	0.918661948019746	0.90558798999166	0.918589815837522	0.05	0.52	0.600848536274926	0.736976320582878
LC_k1_0.05_k2_0.52	120	0.912667546357386	0.899951385512883	0.927147718591569	0.05	0.52	0.600848536274926	0.736976320582878
LC_k1_0.05_k2_0.52	130	0.917611875076814	0.905348973767223	0.926286034221415	0.05	0.52	0.600848536274926	0.736976320582878
LC_k1_0.05_k2_0.52	140	0.918829677899018	0.906496687148761	0.922783232380661	0.05	0.52	0.600848536274926	0.736976320582878
LC_k1_0.05_k2_0.52	150	0.921763633939286	0.90910884928219	0.929219965331793	0.05	0.52	0.600848536274926	0.736976320582878
LC_k1_0.05_k2_0.52	160	0.91473983358725	0.900090823860307	0.923139575764678	0.05	0.52	0.600848536274926	0.736976320582878
LC_k1_0.05_k2_0.52	170	0.920833409664084	0.904763649464769	0.9070303674257	0.05	0.52	0.600848536274926	0.736976320582878
LC_k1_0.05_k2_0.52	180	0.921686883340021	0.902443491054251	0.905822196158318	0.05	0.52	0.600848536274926	0.736976320582878
LC_k1_0.05_k2_0.52	190	0.907720435469127	0.888858271332783	0.898913076758213	0.05	0.52	0.600848536274926	0.736976320582878
LC_k1_0.05_k2_0.52	200	0.898423460586515	0.882010050251256	0.89991899797495	0.05	0.52	0.600848536274926	0.736976320582878
LC_k1_0.05_k2_0.52	210	0.887004888351858	0.87186492729022	0.90450447532014	0.05	0.52	0.600848536274926	0.736976320582878
LC_k1_0.05_k2_0.52	220	0.878755571583936	0.865239514715744	0.905357173044522	0.05	0.52	0.600848536274926	0.736976320582878
LC_k1_0.05_k2_0.52	230	0.8783782384314	0.86124435655478	0.910281857880111	0.05	0.52	0.600848536274926	0.736976320582878
LC_k1_0.05_k2_0.52	240	0.864761540998976	0.849409711974166	0.912370006423722	0.05	0.52	0.600848536274926	0.736976320582878
LC_k1_0.05_k2_0.52	250	0.847407478519656	0.835153074449191	0.913434895922637	0.05	0.52	0.600848536274926	0.736976320582878
LC_k1_0.05_k2_0.52	260	0.835065835065835	0.822262049848257	0.913434895922637	0.05	0.52	0.600848536274926	0.736976320582878
LC_k1_0.05_k2_0.52	270	0.826648437488092	0.80660243777159	0.913434895922637	0.05	0.52	0.600848536274926	0.736976320582878
LC_k1_0.05_k2_0.52	280	0.823805697230103	0.804545976351739	0.913434895922637	0.05	0.52	0.600848536274926	0.736976320582878
LC_k1_0.05_k2_0.52	290	0.824229325782298	0.804007346021991	0.913434895922637	0.05	0.52	0.600848536274926	0.736976320582878
LC_k1_0.05_k2_0.52	300	0.812326359181769	0.795884843164924	0.913434895922637	0.05	0.52	0.600848536274926	0.736976320582878
LC_k1_0.05_k2_0.6	10	0.466666666666667	0.284848484848485	0.309090909090909	0.05	0.6	0.55519728468392	0.687249544626594
LC_k1_0.05_k2_0.6	20	0.857142857142857	0.82406015037594	0.664661654135338	0.05	0.6	0.55519728468392	0.687249544626594
LC_k1_0.05_k2_0.6	30	0.925250278086763	0.916351501668521	0.793993325917686	0.05	0.6	0.55519728468392	0.687249544626594
LC_k1_0.05_k2_0.6	40	0.929643527204503	0.904127579737336	0.784240150093809	0.05	0.6	0.55519728468392	0.687249544626594
LC_k1_0.05_k2_0.6	50	0.952076830732293	0.920384153661465	0.857767106842737	0.05	0.6	0.55519728468392	0.687249544626594
LC_k1_0.05_k2_0.6	60	0.904473464851348	0.872742428452348	0.836398999722145	0.05	0.6	0.55519728468392	0.687249544626594
LC_k1_0.05_k2_0.6	70	0.907549645700289	0.884594523663722	0.870457527775348	0.05	0.6	0.55519728468392	0.687249544626594
LC_k1_0.05_k2_0.6	80	0.928012189404594	0.906797937177684	0.886568213783404	0.05	0.6	0.55519728468392	0.687249544626594
LC_k1_0.05_k2_0.6	90	0.901979668271803	0.889352594970573	0.893040293040293	0.05	0.6	0.55519728468392	0.687249544626594
LC_k1_0.05_k2_0.6	100	0.91949594959496	0.908982898289829	0.90993099309931	0.05	0.6	0.55519728468392	0.687249544626594
LC_k1_0.05_k2_0.6	110	0.918355386245294	0.911313481955684	0.92820142911886	0.05	0.6	0.55519728468392	0.687249544626594
LC_k1_0.05_k2_0.6	120	0.921890409056184	0.914237099798597	0.931273005069796	0.05	0.6	0.55519728468392	0.687249544626594
LC_k1_0.05_k2_0.6	130	0.926750331152959	0.918562318207267	0.929039041909626	0.05	0.6	0.55519728468392	0.687249544626594
LC_k1_0.05_k2_0.6	140	0.924519472567843	0.915505893157814	0.919306378605323	0.05	0.6	0.55519728468392	0.687249544626594
LC_k1_0.05_k2_0.6	150	0.918478154584648	0.90920129783546	0.923189475087782	0.05	0.6	0.55519728468392	0.687249544626594
LC_k1_0.05_k2_0.6	160	0.908868510488691	0.900808625336927	0.915290636352982	0.05	0.6	0.55519728468392	0.687249544626594
LC_k1_0.05_k2_0.6	170	0.909492492107401	0.898273703751199	0.900853072465361	0.05	0.6	0.55519728468392	0.687249544626594
LC_k1_0.05_k2_0.6	180	0.909252343179316	0.89559348539564	0.896941263619248	0.05	0.6	0.55519728468392	0.687249544626594
LC_k1_0.05_k2_0.6	190	0.898402200964891	0.884682036679832	0.894383428029061	0.05	0.6	0.55519728468392	0.687249544626594
LC_k1_0.05_k2_0.6	200	0.885277131928298	0.868233705842646	0.892291307282682	0.05	0.6	0.55519728468392	0.687249544626594
LC_k1_0.05_k2_0.6	210	0.880418409228586	0.864355848691094	0.898718791809338	0.05	0.6	0.55519728468392	0.687249544626594
LC_k1_0.05_k2_0.6	220	0.870415804984701	0.850872576255332	0.896521528431279	0.05	0.6	0.55519728468392	0.687249544626594
LC_k1_0.05_k2_0.6	230	0.856182700914047	0.838338688082375	0.900243367796054	0.05	0.6	0.55519728468392	0.687249544626594
LC_k1_0.05_k2_0.6	240	0.853696244726471	0.836115210333513	0.90572752999184	0.05	0.6	0.55519728468392	0.687249544626594
LC_k1_0.05_k2_0.6	250	0.842646570345126	0.821554648874382	0.906891910428312	0.05	0.6	0.55519728468392	0.687249544626594
LC_k1_0.05_k2_0.6	260	0.831860962895446	0.811821977339219	0.906891910428312	0.05	0.6	0.55519728468392	0.687249544626594
LC_k1_0.05_k2_0.6	270	0.825688814508963	0.803041956070118	0.906891910428312	0.05	0.6	0.55519728468392	0.687249544626594
LC_k1_0.05_k2_0.6	280	0.819828241249433	0.794539471166724	0.906891910428312	0.05	0.6	0.55519728468392	0.687249544626594
LC_k1_0.05_k2_0.6	290	0.821123626464868	0.797935192144234	0.906891910428312	0.05	0.6	0.55519728468392	0.687249544626594
LC_k1_0.05_k2_0.6	300	0.817988199868887	0.796995966621851	0.906891910428312	0.05	0.6	0.55519728468392	0.687249544626594
LC_k1_0.15_k2_0.04	10	0.503030303030303	0.551515151515151	0.442424242424242	0.15	0.04	0.566907085277896	0.692349726775956
LC_k1_0.15_k2_0.04	20	0.879699248120301	0.825563909774436	0.678195488721805	0.15	0.04	0.566907085277896	0.692349726775956
LC_k1_0.15_k2_0.04	30	0.907007786429366	0.905228031145718	0.766407119021135	0.15	0.04	0.566907085277896	0.692349726775956
LC_k1_0.15_k2_0.04	40	0.941838649155723	0.930206378986867	0.792870544090057	0.15	0.04	0.566907085277896	0.692349726775956
LC_k1_0.15_k2_0.04	50	0.919327731092437	0.898487394957983	0.808691476590636	0.15	0.04	0.566907085277896	0.692349726775956
LC_k1_0.15_k2_0.04	60	0.914198388441234	0.893414837454849	0.835843289802723	0.15	0.04	0.566907085277896	0.692349726775956
LC_k1_0.15_k2_0.04	70	0.914653136208556	0.898241623654973	0.866608345726533	0.15	0.04	0.566907085277896	0.692349726775956
LC_k1_0.15_k2_0.04	80	0.906047819971871	0.893694327238631	0.880661040787623	0.15	0.04	0.566907085277896	0.692349726775956
LC_k1_0.15_k2_0.04	90	0.916565831172573	0.905831995719636	0.890570852368605	0.15	0.04	0.566907085277896	0.692349726775956
LC_k1_0.15_k2_0.04	100	0.926552655265527	0.921476147614762	0.909270927092709	0.15	0.04	0.566907085277896	0.692349726775956
LC_k1_0.15_k2_0.04	110	0.929743254513897	0.923368572909857	0.915596330275229	0.15	0.04	0.566907085277896	0.692349726775956
LC_k1_0.15_k2_0.04	120	0.925974025974026	0.918529064518369	0.927932495312174	0.15	0.04	0.566907085277896	0.692349726775956
LC_k1_0.15_k2_0.04	130	0.926602848598233	0.920184626309249	0.93542449029756	0.15	0.04	0.566907085277896	0.692349726775956
LC_k1_0.15_k2_0.04	140	0.927305328989089	0.916761059237716	0.937040519560036	0.15	0.04	0.566907085277896	0.692349726775956
LC_k1_0.15_k2_0.04	150	0.935022889906218	0.924195742032979	0.941387617227432	0.15	0.04	0.566907085277896	0.692349726775956
LC_k1_0.15_k2_0.04	160	0.935333411461385	0.92587015117778	0.929869330833236	0.15	0.04	0.566907085277896	0.692349726775956
LC_k1_0.15_k2_0.04	170	0.932020444428161	0.923212486489457	0.925962836084294	0.15	0.04	0.566907085277896	0.692349726775956
LC_k1_0.15_k2_0.04	180	0.928931962920666	0.918871981645524	0.92232682078665	0.15	0.04	0.566907085277896	0.692349726775956
LC_k1_0.15_k2_0.04	190	0.925665822496906	0.913919178399752	0.916195374999453	0.15	0.04	0.566907085277896	0.692349726775956
LC_k1_0.15_k2_0.04	200	0.918073951848796	0.905394134853372	0.915091877296932	0.15	0.04	0.566907085277896	0.692349726775956
LC_k1_0.15_k2_0.04	210	0.908292057157111	0.894696672746062	0.915478485096844	0.15	0.04	0.566907085277896	0.692349726775956
LC_k1_0.15_k2_0.04	220	0.907480432540868	0.893550768329173	0.913913322777142	0.15	0.04	0.566907085277896	0.692349726775956
LC_k1_0.15_k2_0.04	230	0.899729509146635	0.883495126479748	0.91905986551895	0.15	0.04	0.566907085277896	0.692349726775956
LC_k1_0.15_k2_0.04	240	0.889500685775795	0.871902289970312	0.924730464070557	0.15	0.04	0.566907085277896	0.692349726775956
LC_k1_0.15_k2_0.04	250	0.875256372101954	0.854324197187155	0.925648983231028	0.15	0.04	0.566907085277896	0.692349726775956
LC_k1_0.15_k2_0.04	260	0.878300202438133	0.857163339921961	0.925648983231028	0.15	0.04	0.566907085277896	0.692349726775956
LC_k1_0.15_k2_0.04	270	0.877392008120825	0.855804149119558	0.925648983231028	0.15	0.04	0.566907085277896	0.692349726775956
LC_k1_0.15_k2_0.04	280	0.875540504343168	0.851656635562043	0.925648983231028	0.15	0.04	0.566907085277896	0.692349726775956
LC_k1_0.15_k2_0.04	290	0.861184785911186	0.837957481145989	0.925648983231028	0.15	0.04	0.566907085277896	0.692349726775956
LC_k1_0.15_k2_0.04	300	0.850758341759353	0.830738119312437	0.925648983231028	0.15	0.04	0.566907085277896	0.692349726775956
LC_k1_0.15_k2_0.12	10	0.878787878787879	0.781818181818182	0.539393939393939	0.15	0.12	0.556894357233772	0.683242258652095
LC_k1_0.15_k2_0.12	20	0.866165413533835	0.870676691729323	0.62406015037594	0.15	0.12	0.556894357233772	0.683242258652095
LC_k1_0.15_k2_0.12	30	0.919466073414906	0.934149054505006	0.775305895439377	0.15	0.12	0.556894357233772	0.683242258652095
LC_k1_0.15_k2_0.12	40	0.938086303939963	0.930018761726079	0.773733583489681	0.15	0.12	0.556894357233772	0.683242258652095
LC_k1_0.15_k2_0.12	50	0.9568787515006	0.95015606242497	0.815702280912365	0.15	0.12	0.556894357233772	0.683242258652095
LC_k1_0.15_k2_0.12	60	0.94709641567102	0.932870241733815	0.837510419560989	0.15	0.12	0.556894357233772	0.683242258652095
LC_k1_0.15_k2_0.12	70	0.936453503630478	0.92903508004549	0.873536873414399	0.15	0.12	0.556894357233772	0.683242258652095
LC_k1_0.15_k2_0.12	80	0.92205813408345	0.91699484294421	0.884997655883732	0.15	0.12	0.556894357233772	0.683242258652095
LC_k1_0.15_k2_0.12	90	0.926492982672758	0.920977898505988	0.896843231674692	0.15	0.12	0.556894357233772	0.683242258652095
LC_k1_0.15_k2_0.12	100	0.935349534953495	0.933957395739574	0.914743474347435	0.15	0.12	0.556894357233772	0.683242258652095
LC_k1_0.15_k2_0.12	110	0.939093388634673	0.93582940738904	0.926325992381038	0.15	0.12	0.556894357233772	0.683242258652095
LC_k1_0.15_k2_0.12	120	0.932752274463504	0.927592193902354	0.930654906590735	0.15	0.12	0.556894357233772	0.683242258652095
LC_k1_0.15_k2_0.12	130	0.938516161629955	0.933021070887217	0.938783815155198	0.15	0.12	0.556894357233772	0.683242258652095
LC_k1_0.15_k2_0.12	140	0.943202641534189	0.937377271435132	0.944602129846275	0.15	0.12	0.556894357233772	0.683242258652095
LC_k1_0.15_k2_0.12	150	0.932530334681541	0.922972576558958	0.942095204231299	0.15	0.12	0.556894357233772	0.683242258652095
LC_k1_0.15_k2_0.12	160	0.932485643970467	0.924364232977851	0.935359779678894	0.15	0.12	0.556894357233772	0.683242258652095
LC_k1_0.15_k2_0.12	170	0.933835284347311	0.924165094253211	0.926426927046122	0.15	0.12	0.556894357233772	0.683242258652095
LC_k1_0.15_k2_0.12	180	0.926454520201241	0.914314227805385	0.926946304927107	0.15	0.12	0.556894357233772	0.683242258652095
LC_k1_0.15_k2_0.12	190	0.922378371758366	0.91285368744724	0.919582551492169	0.15	0.12	0.556894357233772	0.683242258652095
LC_k1_0.15_k2_0.12	200	0.918253956348909	0.90596864921623	0.917287932198305	0.15	0.12	0.556894357233772	0.683242258652095
LC_k1_0.15_k2_0.12	210	0.911287913882077	0.897673092684318	0.92097391259277	0.15	0.12	0.556894357233772	0.683242258652095
LC_k1_0.15_k2_0.12	220	0.909687089703206	0.896435876774314	0.919704952581665	0.15	0.12	0.556894357233772	0.683242258652095
LC_k1_0.15_k2_0.12	230	0.891488044896057	0.877559615247103	0.924985513821663	0.15	0.12	0.556894357233772	0.683242258652095
LC_k1_0.15_k2_0.12	240	0.884813104394173	0.871173110644282	0.929837323564645	0.15	0.12	0.556894357233772	0.683242258652095
LC_k1_0.15_k2_0.12	250	0.874400038400614	0.856295684730956	0.93069167724015	0.15	0.12	0.556894357233772	0.683242258652095
LC_k1_0.15_k2_0.12	260	0.873324935393901	0.854841275530931	0.93069167724015	0.15	0.12	0.556894357233772	0.683242258652095
LC_k1_0.15_k2_0.12	270	0.870242390156243	0.849840951941118	0.93069167724015	0.15	0.12	0.556894357233772	0.683242258652095
LC_k1_0.15_k2_0.12	280	0.86746751507399	0.8492775964708	0.93069167724015	0.15	0.12	0.556894357233772	0.683242258652095
LC_k1_0.15_k2_0.12	290	0.851779614419951	0.833866735879019	0.93069167724015	0.15	0.12	0.556894357233772	0.683242258652095
LC_k1_0.15_k2_0.12	300	0.853213924599162	0.835450171668574	0.93069167724015	0.15	0.12	0.556894357233772	0.683242258652095
LC_k1_0.15_k2_0.2	10	0.878787878787879	0.854545454545454	0.636363636363636	0.15	0.2	0.534238438693254	0.660291438979964
LC_k1_0.15_k2_0.2	20	0.86015037593985	0.818045112781955	0.676691729323308	0.15	0.2	0.534238438693254	0.660291438979964
LC_k1_0.15_k2_0.2	30	0.90567296996663	0.911012235817575	0.777530589543938	0.15	0.2	0.534238438693254	0.660291438979964
LC_k1_0.15_k2_0.2	40	0.942026266416511	0.931144465290807	0.80656660412758	0.15	0.2	0.534238438693254	0.660291438979964
LC_k1_0.15_k2_0.2	50	0.93046818727491	0.919039615846339	0.820024009603842	0.15	0.2	0.534238438693254	0.660291438979964
LC_k1_0.15_k2_0.2	60	0.929146985273687	0.914920811336482	0.844456793553765	0.15	0.2	0.534238438693254	0.660291438979964
LC_k1_0.15_k2_0.2	70	0.927320444405564	0.911328842620943	0.876091330592249	0.15	0.2	0.534238438693254	0.660291438979964
LC_k1_0.15_k2_0.2	80	0.921894045944679	0.910853258321613	0.895218002812939	0.15	0.2	0.534238438693254	0.660291438979964
LC_k1_0.15_k2_0.2	90	0.930674568876816	0.922936988105527	0.889780631353665	0.15	0.2	0.534238438693254	0.660291438979964
LC_k1_0.15_k2_0.2	100	0.938853885388539	0.935793579357936	0.908454845484549	0.15	0.2	0.534238438693254	0.660291438979964
LC_k1_0.15_k2_0.2	110	0.941681130671956	0.936559745734058	0.921853797083155	0.15	0.2	0.534238438693254	0.660291438979964
LC_k1_0.15_k2_0.2	120	0.93292589763178	0.926286547676922	0.924842002916869	0.15	0.2	0.534238438693254	0.660291438979964
LC_k1_0.15_k2_0.2	130	0.938226658837346	0.93160633082522	0.934927419464966	0.15	0.2	0.534238438693254	0.660291438979964
LC_k1_0.15_k2_0.2	140	0.934884432879229	0.926754280466205	0.938160110209705	0.15	0.2	0.534238438693254	0.660291438979964
LC_k1_0.15_k2_0.2	150	0.936217609671541	0.928149695542024	0.934717098537713	0.15	0.2	0.534238438693254	0.660291438979964
LC_k1_0.15_k2_0.2	160	0.942540724247041	0.933642915738896	0.935922301652408	0.15	0.2	0.534238438693254	0.660291438979964
LC_k1_0.15_k2_0.2	170	0.941075103351836	0.931998461172074	0.926231520325352	0.15	0.2	0.534238438693254	0.660291438979964
LC_k1_0.15_k2_0.2	180	0.941280080660926	0.931454674526992	0.921789767173884	0.15	0.2	0.534238438693254	0.660291438979964
LC_k1_0.15_k2_0.2	190	0.934037537123787	0.92188849086066	0.920609551802718	0.15	0.2	0.534238438693254	0.660291438979964
LC_k1_0.15_k2_0.2	200	0.920870021750544	0.907234680867022	0.921539038475962	0.15	0.2	0.534238438693254	0.660291438979964
LC_k1_0.15_k2_0.2	210	0.913034633114453	0.898346901290279	0.920087595118775	0.15	0.2	0.534238438693254	0.660291438979964
LC_k1_0.15_k2_0.2	220	0.904405988854015	0.889838445197027	0.923563785127041	0.15	0.2	0.534238438693254	0.660291438979964
LC_k1_0.15_k2_0.2	230	0.887243039853634	0.873720962917849	0.927385164673944	0.15	0.2	0.534238438693254	0.660291438979964
LC_k1_0.15_k2_0.2	240	0.87620878834702	0.863521936144725	0.92988680359034	0.15	0.2	0.534238438693254	0.660291438979964
LC_k1_0.15_k2_0.2	250	0.870596841549465	0.854808044928719	0.930734542711155	0.15	0.2	0.534238438693254	0.660291438979964
LC_k1_0.15_k2_0.2	260	0.867567908947219	0.851237671927327	0.930734542711155	0.15	0.2	0.534238438693254	0.660291438979964
LC_k1_0.15_k2_0.2	270	0.852315608657945	0.835786803964694	0.930734542711155	0.15	0.2	0.534238438693254	0.660291438979964
LC_k1_0.15_k2_0.2	280	0.851323176498243	0.833769016733085	0.930734542711155	0.15	0.2	0.534238438693254	0.660291438979964
LC_k1_0.15_k2_0.2	290	0.85446462728041	0.83504219780382	0.930734542711155	0.15	0.2	0.534238438693254	0.660291438979964
LC_k1_0.15_k2_0.2	300	0.841330681452016	0.825606506738964	0.930734542711155	0.15	0.2	0.534238438693254	0.660291438979964
LC_k1_0.15_k2_0.28	10	0.503030303030303	0.563636363636364	0.6	0.15	0.28	0.499872719558761	0.626593806921676
LC_k1_0.15_k2_0.28	20	0.578947368421053	0.67218045112782	0.463157894736842	0.15	0.28	0.499872719558761	0.626593806921676
LC_k1_0.15_k2_0.28	30	0.817130144605117	0.824694104560623	0.676974416017798	0.15	0.28	0.499872719558761	0.626593806921676
LC_k1_0.15_k2_0.28	40	0.895872420262664	0.898874296435272	0.701313320825516	0.15	0.28	0.499872719558761	0.626593806921676
LC_k1_0.15_k2_0.28	50	0.903193277310924	0.895606242496999	0.76921968787515	0.15	0.28	0.499872719558761	0.626593806921676
LC_k1_0.15_k2_0.28	60	0.911975548763546	0.888691303139761	0.806057238121701	0.15	0.28	0.499872719558761	0.626593806921676
LC_k1_0.15_k2_0.28	70	0.903035604933951	0.882075059049952	0.844458052663809	0.15	0.28	0.499872719558761	0.626593806921676
LC_k1_0.15_k2_0.28	80	0.89845288326301	0.883731833098922	0.859071729957806	0.15	0.28	0.499872719558761	0.626593806921676
LC_k1_0.15_k2_0.28	90	0.915298184961106	0.903938757871342	0.874239618059843	0.15	0.28	0.499872719558761	0.626593806921676
LC_k1_0.15_k2_0.28	100	0.928256825682568	0.921260126012601	0.897917791779178	0.15	0.28	0.499872719558761	0.626593806921676
LC_k1_0.15_k2_0.28	110	0.93591957261682	0.929562924058337	0.916344701665803	0.15	0.28	0.499872719558761	0.626593806921676
LC_k1_0.15_k2_0.28	120	0.925335092714772	0.917904021112577	0.926758802694631	0.15	0.28	0.499872719558761	0.626593806921676
LC_k1_0.15_k2_0.28	130	0.934413961681847	0.925952832894072	0.933791257561895	0.15	0.28	0.499872719558761	0.626593806921676
LC_k1_0.15_k2_0.28	140	0.933253154315454	0.924427631147362	0.92659246463012	0.15	0.28	0.499872719558761	0.626593806921676
LC_k1_0.15_k2_0.28	150	0.935051335614916	0.922887239432864	0.92894973109916	0.15	0.28	0.499872719558761	0.626593806921676
LC_k1_0.15_k2_0.28	160	0.932887026836986	0.922442282901676	0.925919957810852	0.15	0.28	0.499872719558761	0.626593806921676
LC_k1_0.15_k2_0.28	170	0.931028755320254	0.92228918973382	0.916952143672792	0.15	0.28	0.499872719558761	0.626593806921676
LC_k1_0.15_k2_0.28	180	0.929691245614577	0.917184686770168	0.912476722532588	0.15	0.28	0.499872719558761	0.626593806921676
LC_k1_0.15_k2_0.28	190	0.916545289926387	0.900284743271792	0.913564014748914	0.15	0.28	0.499872719558761	0.626593806921676
LC_k1_0.15_k2_0.28	200	0.909288232205805	0.891730293257332	0.908898222455561	0.15	0.28	0.499872719558761	0.626593806921676
LC_k1_0.15_k2_0.28	210	0.90543614529646	0.889280288182758	0.906682691217488	0.15	0.28	0.499872719558761	0.626593806921676
LC_k1_0.15_k2_0.28	220	0.8932588764982	0.87582538331934	0.908904954835656	0.15	0.28	0.499872719558761	0.626593806921676
LC_k1_0.15_k2_0.28	230	0.883755507829934	0.867997504678727	0.90907069008455	0.15	0.28	0.499872719558761	0.626593806921676
LC_k1_0.15_k2_0.28	240	0.871691348808139	0.856368166113995	0.90817028073404	0.15	0.28	0.499872719558761	0.626593806921676
LC_k1_0.15_k2_0.28	250	0.862748523976384	0.847435126962031	0.909302664517678	0.15	0.28	0.499872719558761	0.626593806921676
LC_k1_0.15_k2_0.28	260	0.858342465239017	0.842889573924057	0.909302664517678	0.15	0.28	0.499872719558761	0.626593806921676
LC_k1_0.15_k2_0.28	270	0.847914389924568	0.831160006767354	0.909302664517678	0.15	0.28	0.499872719558761	0.626593806921676
LC_k1_0.15_k2_0.28	280	0.837481892079527	0.821816422585565	0.909302664517678	0.15	0.28	0.499872719558761	0.626593806921676
LC_k1_0.15_k2_0.28	290	0.832367517593182	0.813803190082624	0.909302664517678	0.15	0.28	0.499872719558761	0.626593806921676
LC_k1_0.15_k2_0.28	300	0.829690996566629	0.812686807631196	0.909302664517678	0.15	0.28	0.499872719558761	0.626593806921676
LC_k1_0.15_k2_0.36	10	0.587878787878788	0.76969696969697	0.333333333333333	0.15	0.36	0.455748833262622	0.579417122040073
LC_k1_0.15_k2_0.36	20	0.777443609022556	0.807518796992481	0.62406015037594	0.15	0.36	0.455748833262622	0.579417122040073
LC_k1_0.15_k2_0.36	30	0.875417130144605	0.910122358175751	0.772191323692992	0.15	0.36	0.455748833262622	0.579417122040073
LC_k1_0.15_k2_0.36	40	0.908067542213884	0.918011257035648	0.757786116322702	0.15	0.36	0.455748833262622	0.579417122040073
LC_k1_0.15_k2_0.36	50	0.907707082833133	0.914717887154862	0.795822328931573	0.15	0.36	0.455748833262622	0.579417122040073
LC_k1_0.15_k2_0.36	60	0.898416226729647	0.896582383995554	0.805501528202279	0.15	0.36	0.455748833262622	0.579417122040073
LC_k1_0.15_k2_0.36	70	0.903455515702913	0.895372233400402	0.848517190097104	0.15	0.36	0.455748833262622	0.579417122040073
LC_k1_0.15_k2_0.36	80	0.886826066572902	0.881434599156118	0.879512423816221	0.15	0.36	0.455748833262622	0.579417122040073
LC_k1_0.15_k2_0.36	90	0.911281228135161	0.907659381816685	0.890027575420834	0.15	0.36	0.455748833262622	0.579417122040073
LC_k1_0.15_k2_0.36	100	0.926312631263126	0.924320432043204	0.894509450945095	0.15	0.36	0.455748833262622	0.579417122040073
LC_k1_0.15_k2_0.36	110	0.929057998782769	0.927606338615513	0.913179902170728	0.15	0.36	0.455748833262622	0.579417122040073
LC_k1_0.15_k2_0.36	120	0.927265782345996	0.925446211542468	0.919918049864574	0.15	0.36	0.455748833262622	0.579417122040073
LC_k1_0.15_k2_0.36	130	0.924669188436275	0.919906048150323	0.92707807016346	0.15	0.36	0.455748833262622	0.579417122040073
LC_k1_0.15_k2_0.36	140	0.928696070499224	0.924095252673242	0.935592923837222	0.15	0.36	0.455748833262622	0.579417122040073
LC_k1_0.15_k2_0.36	150	0.935410462687231	0.928615494021957	0.934461087159429	0.15	0.36	0.455748833262622	0.579417122040073
LC_k1_0.15_k2_0.36	160	0.92956756123286	0.923584905660377	0.929837103011836	0.15	0.36	0.455748833262622	0.579417122040073
LC_k1_0.15_k2_0.36	170	0.927748364995329	0.921859294948126	0.927262290777414	0.15	0.36	0.455748833262622	0.579417122040073
LC_k1_0.15_k2_0.36	180	0.931964978342953	0.924446227764231	0.916797843554842	0.15	0.36	0.455748833262622	0.579417122040073
LC_k1_0.15_k2_0.36	190	0.924267912363807	0.915460553652893	0.914417807170632	0.15	0.36	0.455748833262622	0.579417122040073
LC_k1_0.15_k2_0.36	200	0.924081602040051	0.913888847221181	0.914104852621316	0.15	0.36	0.455748833262622	0.579417122040073
LC_k1_0.15_k2_0.36	210	0.920902644374832	0.910708697638107	0.916565649366847	0.15	0.36	0.455748833262622	0.579417122040073
LC_k1_0.15_k2_0.36	220	0.908272710367795	0.895116165059759	0.917473501518626	0.15	0.36	0.455748833262622	0.579417122040073
LC_k1_0.15_k2_0.36	230	0.903427121577872	0.887843692286449	0.917897026080052	0.15	0.36	0.455748833262622	0.579417122040073
LC_k1_0.15_k2_0.36	240	0.887540582301776	0.87071129707113	0.922932689803642	0.15	0.36	0.455748833262622	0.579417122040073
LC_k1_0.15_k2_0.36	250	0.870354149666395	0.853997023952383	0.923880353897329	0.15	0.36	0.455748833262622	0.579417122040073
LC_k1_0.15_k2_0.36	260	0.8654062929925	0.841442124200745	0.923880353897329	0.15	0.36	0.455748833262622	0.579417122040073
LC_k1_0.15_k2_0.36	270	0.861355208347622	0.836327582606681	0.923880353897329	0.15	0.36	0.455748833262622	0.579417122040073
LC_k1_0.15_k2_0.36	280	0.854066833942853	0.829371183670346	0.923880353897329	0.15	0.36	0.455748833262622	0.579417122040073
LC_k1_0.15_k2_0.36	290	0.850541172534341	0.829858159779669	0.923880353897329	0.15	0.36	0.455748833262622	0.579417122040073
LC_k1_0.15_k2_0.36	300	0.849218769097434	0.832740808231203	0.923880353897329	0.15	0.36	0.455748833262622	0.579417122040073
LC_k1_0.15_k2_0.44	10	0.381818181818182	0.757575757575757	0.187878787878788	0.15	0.44	0.406448875689436	0.52040072859745
LC_k1_0.15_k2_0.44	20	0.720300751879699	0.833082706766917	0.634586466165414	0.15	0.44	0.406448875689436	0.52040072859745
LC_k1_0.15_k2_0.44	30	0.867853170189099	0.904783092324805	0.702780867630701	0.15	0.44	0.406448875689436	0.52040072859745
LC_k1_0.15_k2_0.44	40	0.913320825515948	0.942213883677299	0.801125703564728	0.15	0.44	0.406448875689436	0.52040072859745
LC_k1_0.15_k2_0.44	50	0.932869147659064	0.953613445378151	0.746938775510204	0.15	0.44	0.406448875689436	0.52040072859745
LC_k1_0.15_k2_0.44	60	0.90502917477077	0.935037510419561	0.79066407335371	0.15	0.44	0.406448875689436	0.52040072859745
LC_k1_0.15_k2_0.44	70	0.926690578252121	0.943172075933864	0.833225439594086	0.15	0.44	0.406448875689436	0.52040072859745
LC_k1_0.15_k2_0.44	80	0.918870135958744	0.9314580403188	0.857102672292546	0.15	0.44	0.406448875689436	0.52040072859745
LC_k1_0.15_k2_0.44	90	0.921554101329382	0.930542865374326	0.87223113964687	0.15	0.44	0.406448875689436	0.52040072859745
LC_k1_0.15_k2_0.44	100	0.932973297329733	0.937629762976298	0.894977497749775	0.15	0.44	0.406448875689436	0.52040072859745
LC_k1_0.15_k2_0.44	110	0.940355701823592	0.943340170863107	0.914388116222979	0.15	0.44	0.406448875689436	0.52040072859745
LC_k1_0.15_k2_0.44	120	0.940225015626085	0.941419543023821	0.917660948676991	0.15	0.44	0.406448875689436	0.52040072859745
LC_k1_0.15_k2_0.44	130	0.932032391538871	0.928236081333898	0.931540783023119	0.15	0.44	0.406448875689436	0.52040072859745
LC_k1_0.15_k2_0.44	140	0.938636810916009	0.934154074916359	0.93588156830159	0.15	0.44	0.406448875689436	0.52040072859745
LC_k1_0.15_k2_0.44	150	0.939819547535446	0.934162407218099	0.933838837281657	0.15	0.44	0.406448875689436	0.52040072859745
LC_k1_0.15_k2_0.44	160	0.93540665651002	0.929462088362827	0.928252080159381	0.15	0.44	0.406448875689436	0.52040072859745
LC_k1_0.15_k2_0.44	170	0.935796679307039	0.92799995114832	0.929304291009459	0.15	0.44	0.406448875689436	0.52040072859745
LC_k1_0.15_k2_0.44	180	0.939063962879513	0.930121300040125	0.925985369918825	0.15	0.44	0.406448875689436	0.52040072859745
LC_k1_0.15_k2_0.44	190	0.933244979814283	0.921923482353353	0.924029970213492	0.15	0.44	0.406448875689436	0.52040072859745
LC_k1_0.15_k2_0.44	200	0.930414760369009	0.918535963399085	0.922698567464187	0.15	0.44	0.406448875689436	0.52040072859745
LC_k1_0.15_k2_0.44	210	0.926977288114729	0.916817031808301	0.921840793280055	0.15	0.44	0.406448875689436	0.52040072859745
LC_k1_0.15_k2_0.44	220	0.917532105283918	0.906765917402501	0.923407132754433	0.15	0.44	0.406448875689436	0.52040072859745
LC_k1_0.15_k2_0.44	230	0.908927677600546	0.894517936970946	0.923831551019704	0.15	0.44	0.406448875689436	0.52040072859745
LC_k1_0.15_k2_0.44	240	0.888130002256984	0.878144585843504	0.92533464122641	0.15	0.44	0.406448875689436	0.52040072859745
LC_k1_0.15_k2_0.44	250	0.875402294436711	0.86362328997264	0.926237954802648	0.15	0.44	0.406448875689436	0.52040072859745
LC_k1_0.15_k2_0.44	260	0.866777273673825	0.853785729647799	0.926237954802648	0.15	0.44	0.406448875689436	0.52040072859745
LC_k1_0.15_k2_0.44	270	0.859787742858841	0.839292415228985	0.926237954802648	0.15	0.44	0.406448875689436	0.52040072859745
LC_k1_0.15_k2_0.44	280	0.857785722485527	0.840017274272813	0.926237954802648	0.15	0.44	0.406448875689436	0.52040072859745
LC_k1_0.15_k2_0.44	290	0.851164575740168	0.835542101242747	0.926237954802648	0.15	0.44	0.406448875689436	0.52040072859745
LC_k1_0.15_k2_0.44	300	0.846628518094646	0.832194579939777	0.926237954802648	0.15	0.44	0.406448875689436	0.52040072859745
LC_k1_0.15_k2_0.52	10	0.466666666666667	0.624242424242424	0.296969696969697	0.15	0.52	0.351039456936784	0.457012750455373
LC_k1_0.15_k2_0.52	20	0.314285714285714	0.407518796992481	0.481203007518797	0.15	0.52	0.351039456936784	0.457012750455373
LC_k1_0.15_k2_0.52	30	0.729477196885428	0.739265850945495	0.673414905450501	0.15	0.52	0.351039456936784	0.457012750455373
LC_k1_0.15_k2_0.52	40	0.871106941838649	0.880112570356473	0.74953095684803	0.15	0.52	0.351039456936784	0.457012750455373
LC_k1_0.15_k2_0.52	50	0.92	0.919327731092437	0.760192076830732	0.15	0.52	0.351039456936784	0.457012750455373
LC_k1_0.15_k2_0.52	60	0.924534592942484	0.913253681578216	0.820283412058905	0.15	0.52	0.351039456936784	0.457012750455373
LC_k1_0.15_k2_0.52	70	0.924241098766512	0.914863091593036	0.840258944974193	0.15	0.52	0.351039456936784	0.457012750455373
LC_k1_0.15_k2_0.52	80	0.919714017815284	0.910689170182841	0.854617909048289	0.15	0.52	0.351039456936784	0.457012750455373
LC_k1_0.15_k2_0.52	90	0.927135037247397	0.919479771165164	0.847635510556859	0.15	0.52	0.351039456936784	0.457012750455373
LC_k1_0.15_k2_0.52	100	0.936873687368737	0.93022502250225	0.878079807980798	0.15	0.52	0.351039456936784	0.457012750455373
LC_k1_0.15_k2_0.52	110	0.942122940288078	0.935026936861799	0.89907806054595	0.15	0.52	0.351039456936784	0.457012750455373
LC_k1_0.15_k2_0.52	120	0.943739148551983	0.936565039238836	0.909590943815543	0.15	0.52	0.351039456936784	0.457012750455373
LC_k1_0.15_k2_0.52	130	0.937549331548976	0.931196657062093	0.923959087246856	0.15	0.52	0.351039456936784	0.457012750455373
LC_k1_0.15_k2_0.52	140	0.940635455161707	0.932649624980866	0.927423410815421	0.15	0.52	0.351039456936784	0.457012750455373
LC_k1_0.15_k2_0.52	150	0.944793990844038	0.936007822569892	0.928974621094271	0.15	0.52	0.351039456936784	0.457012750455373
LC_k1_0.15_k2_0.52	160	0.939508379233564	0.930639868744873	0.923183522793859	0.15	0.52	0.351039456936784	0.457012750455373
LC_k1_0.15_k2_0.52	170	0.942589505437803	0.933832841763302	0.924441106246298	0.15	0.52	0.351039456936784	0.457012750455373
LC_k1_0.15_k2_0.52	180	0.935985678570326	0.926207598999969	0.92863565747914	0.15	0.52	0.351039456936784	0.457012750455373
LC_k1_0.15_k2_0.52	190	0.932076263958325	0.919521316379955	0.9298997931128	0.15	0.52	0.351039456936784	0.457012750455373
LC_k1_0.15_k2_0.52	200	0.922836570914273	0.911268281707043	0.923384084602115	0.15	0.52	0.351039456936784	0.457012750455373
LC_k1_0.15_k2_0.52	210	0.915614542603817	0.903500241340102	0.9284156103313	0.15	0.52	0.351039456936784	0.457012750455373
LC_k1_0.15_k2_0.52	220	0.906623915971217	0.887599105165584	0.928222784467748	0.15	0.52	0.351039456936784	0.457012750455373
LC_k1_0.15_k2_0.52	230	0.902372774368218	0.884771389612855	0.929402133844891	0.15	0.52	0.351039456936784	0.457012750455373
LC_k1_0.15_k2_0.52	240	0.876897168353617	0.863615687772357	0.927202729214049	0.15	0.52	0.351039456936784	0.457012750455373
LC_k1_0.15_k2_0.52	250	0.860273988383814	0.845726299620794	0.927547066287165	0.15	0.52	0.351039456936784	0.457012750455373
LC_k1_0.15_k2_0.52	260	0.851706044809493	0.836172587896726	0.927547066287165	0.15	0.52	0.351039456936784	0.457012750455373
LC_k1_0.15_k2_0.52	270	0.839367404826465	0.826510651723618	0.927547066287165	0.15	0.52	0.351039456936784	0.457012750455373
LC_k1_0.15_k2_0.52	280	0.844096954589435	0.833175350268681	0.927547066287165	0.15	0.52	0.351039456936784	0.457012750455373
LC_k1_0.15_k2_0.52	290	0.842742974105642	0.83069805660078	0.927547066287165	0.15	0.52	0.351039456936784	0.457012750455373
LC_k1_0.15_k2_0.52	300	0.848811653462816	0.838672874143046	0.927547066287165	0.15	0.52	0.351039456936784	0.457012750455373
LC_k1_0.15_k2_0.6	10	0.575757575757576	0.721212121212121	0.333333333333333	0.15	0.6	0.295120916419177	0.387249544626594
LC_k1_0.15_k2_0.6	20	0.509774436090226	0.642105263157895	0.512781954887218	0.15	0.6	0.295120916419177	0.387249544626594
LC_k1_0.15_k2_0.6	30	0.737041156840934	0.800667408231368	0.669855394883204	0.15	0.6	0.295120916419177	0.387249544626594
LC_k1_0.15_k2_0.6	40	0.819136960600375	0.858161350844278	0.681050656660413	0.15	0.6	0.295120916419177	0.387249544626594
LC_k1_0.15_k2_0.6	50	0.882545018007203	0.910492196878752	0.751740696278511	0.15	0.6	0.295120916419177	0.387249544626594
LC_k1_0.15_k2_0.6	60	0.861128091136427	0.883856626840789	0.77882745207002	0.15	0.6	0.295120916419177	0.387249544626594
LC_k1_0.15_k2_0.6	70	0.880850319307147	0.895687166477124	0.789589712186161	0.15	0.6	0.295120916419177	0.387249544626594
LC_k1_0.15_k2_0.6	80	0.881293952180028	0.890670417252696	0.824941397093296	0.15	0.6	0.295120916419177	0.387249544626594
LC_k1_0.15_k2_0.6	90	0.898868173025477	0.902983907478289	0.840852780178623	0.15	0.6	0.295120916419177	0.387249544626594
LC_k1_0.15_k2_0.6	100	0.917347734773477	0.920588058805881	0.872763276327633	0.15	0.6	0.295120916419177	0.387249544626594
LC_k1_0.15_k2_0.6	110	0.927290760318283	0.929833419741677	0.893154205080811	0.15	0.6	0.295120916419177	0.387249544626594
LC_k1_0.15_k2_0.6	120	0.929904854503785	0.929627057434544	0.911889714563511	0.15	0.6	0.295120916419177	0.387249544626594
LC_k1_0.15_k2_0.6	130	0.925963757527755	0.924406997227874	0.917316909967363	0.15	0.6	0.295120916419177	0.387249544626594
LC_k1_0.15_k2_0.6	140	0.932417834729177	0.928044433753909	0.92716538015788	0.15	0.6	0.295120916419177	0.387249544626594
LC_k1_0.15_k2_0.6	150	0.935694919774212	0.932075203342371	0.933341037379439	0.15	0.6	0.295120916419177	0.387249544626594
LC_k1_0.15_k2_0.6	160	0.941679362475097	0.937401851634829	0.928797023321223	0.15	0.6	0.295120916419177	0.387249544626594
LC_k1_0.15_k2_0.6	170	0.933178229248722	0.926805527567614	0.926077637532746	0.15	0.6	0.295120916419177	0.387249544626594
LC_k1_0.15_k2_0.6	180	0.932308610348056	0.924234287066473	0.929971089642684	0.15	0.6	0.295120916419177	0.387249544626594
LC_k1_0.15_k2_0.6	190	0.927947267820511	0.918615036719198	0.932952800850293	0.15	0.6	0.295120916419177	0.387249544626594
LC_k1_0.15_k2_0.6	200	0.917403435085877	0.906679666991675	0.929307732693317	0.15	0.6	0.295120916419177	0.387249544626594
LC_k1_0.15_k2_0.6	210	0.91273012345599	0.899489784348852	0.920335090202888	0.15	0.6	0.295120916419177	0.387249544626594
LC_k1_0.15_k2_0.6	220	0.897751080506923	0.880597082208686	0.927378664848447	0.15	0.6	0.295120916419177	0.387249544626594
LC_k1_0.15_k2_0.6	230	0.889539129941636	0.877805202202392	0.924734995401409	0.15	0.6	0.295120916419177	0.387249544626594
LC_k1_0.15_k2_0.6	240	0.88575235681175	0.872450910606087	0.915019357974965	0.15	0.6	0.295120916419177	0.387249544626594
LC_k1_0.15_k2_0.6	250	0.877068113089809	0.867216051456823	0.914203902472481	0.15	0.6	0.295120916419177	0.387249544626594
LC_k1_0.15_k2_0.6	260	0.867697633214874	0.85908940391699	0.914203902472481	0.15	0.6	0.295120916419177	0.387249544626594
LC_k1_0.15_k2_0.6	270	0.874752740092457	0.865207722709197	0.914203902472481	0.15	0.6	0.295120916419177	0.387249544626594
LC_k1_0.15_k2_0.6	280	0.865294017963057	0.856144119914066	0.914203902472481	0.15	0.6	0.295120916419177	0.387249544626594
LC_k1_0.15_k2_0.6	290	0.85535717141251	0.845054043448793	0.914203902472481	0.15	0.6	0.295120916419177	0.387249544626594
LC_k1_0.15_k2_0.6	300	0.849156546183847	0.839770219669107	0.914203902472481	0.15	0.6	0.295120916419177	0.387249544626594
LC_k1_0.1_k2_0.04	10	0.418181818181818	0.175757575757576	0.43030303030303	0.1	0.04	0.649639372083157	0.771584699453552
LC_k1_0.1_k2_0.04	20	0.786466165413534	0.67218045112782	0.685714285714286	0.1	0.04	0.649639372083157	0.771584699453552
LC_k1_0.1_k2_0.04	30	0.856284760845384	0.837597330367075	0.732146829810901	0.1	0.04	0.649639372083157	0.771584699453552
LC_k1_0.1_k2_0.04	40	0.919887429643527	0.895872420262664	0.800562851782364	0.1	0.04	0.649639372083157	0.771584699453552
LC_k1_0.1_k2_0.04	50	0.876014405762305	0.842304921968788	0.802545018007203	0.1	0.04	0.649639372083157	0.771584699453552
LC_k1_0.1_k2_0.04	60	0.892581272575716	0.8609613781606	0.834843011947763	0.1	0.04	0.649639372083157	0.771584699453552
LC_k1_0.1_k2_0.04	70	0.90254570903683	0.875356486746566	0.879345639051702	0.1	0.04	0.649639372083157	0.771584699453552
LC_k1_0.1_k2_0.04	80	0.893178621659634	0.876887013595874	0.878668541959681	0.1	0.04	0.649639372083157	0.771584699453552
LC_k1_0.1_k2_0.04	90	0.885747211589908	0.87512861670165	0.895443881960736	0.1	0.04	0.649639372083157	0.771584699453552
LC_k1_0.1_k2_0.04	100	0.887560756075608	0.883696369636964	0.911263126312631	0.1	0.04	0.649639372083157	0.771584699453552
LC_k1_0.1_k2_0.04	110	0.896490318508667	0.891395983139102	0.922755449360954	0.1	0.04	0.649639372083157	0.771584699453552
LC_k1_0.1_k2_0.04	120	0.90081950135426	0.895833043961386	0.927717202583512	0.1	0.04	0.649639372083157	0.771584699453552
LC_k1_0.1_k2_0.04	130	0.902852694970572	0.896953392781548	0.932791653579866	0.1	0.04	0.649639372083157	0.771584699453552
LC_k1_0.1_k2_0.04	140	0.908748988651024	0.902407557236885	0.933861057051016	0.1	0.04	0.649639372083157	0.771584699453552
LC_k1_0.1_k2_0.04	150	0.906050935597138	0.895003333481488	0.930361349393307	0.1	0.04	0.649639372083157	0.771584699453552
LC_k1_0.1_k2_0.04	160	0.908402671979374	0.896053556779562	0.925744169694129	0.1	0.04	0.649639372083157	0.771584699453552
LC_k1_0.1_k2_0.04	170	0.91157601626761	0.899736811572963	0.917943832780699	0.1	0.04	0.649639372083157	0.771584699453552
LC_k1_0.1_k2_0.04	180	0.895288949247405	0.883496404210007	0.907608259514183	0.1	0.04	0.649639372083157	0.771584699453552
LC_k1_0.1_k2_0.04	190	0.888378887882884	0.880101650286274	0.902898607775985	0.1	0.04	0.649639372083157	0.771584699453552
LC_k1_0.1_k2_0.04	200	0.877947948698718	0.869892747318683	0.905746643666092	0.1	0.04	0.649639372083157	0.771584699453552
LC_k1_0.1_k2_0.04	210	0.87177033492823	0.863356797854179	0.90070004826802	0.1	0.04	0.649639372083157	0.771584699453552
LC_k1_0.1_k2_0.04	220	0.868991282689913	0.856125502217364	0.901854471072843	0.1	0.04	0.649639372083157	0.771584699453552
LC_k1_0.1_k2_0.04	230	0.856936228760797	0.842179312997616	0.906966927130208	0.1	0.04	0.649639372083157	0.771584699453552
LC_k1_0.1_k2_0.04	240	0.855491414781506	0.839006753589472	0.913619160054862	0.1	0.04	0.649639372083157	0.771584699453552
LC_k1_0.1_k2_0.04	250	0.850687659002544	0.832311428982864	0.914676279962965	0.1	0.04	0.649639372083157	0.771584699453552
LC_k1_0.1_k2_0.04	260	0.845590569728501	0.82690686138962	0.914676279962965	0.1	0.04	0.649639372083157	0.771584699453552
LC_k1_0.1_k2_0.04	270	0.847147423147094	0.825583951006796	0.914676279962965	0.1	0.04	0.649639372083157	0.771584699453552
LC_k1_0.1_k2_0.04	280	0.834002438077745	0.80838840874428	0.914676279962965	0.1	0.04	0.649639372083157	0.771584699453552
LC_k1_0.1_k2_0.04	290	0.828811117931207	0.802099250021834	0.914676279962965	0.1	0.04	0.649639372083157	0.771584699453552
LC_k1_0.1_k2_0.04	300	0.819909110101223	0.799343548261647	0.914676279962965	0.1	0.04	0.649639372083157	0.771584699453552
LC_k1_0.1_k2_0.12	10	0.36969696969697	-0.0424242424242424	0.612121212121212	0.1	0.12	0.648705982180738	0.77103825136612
LC_k1_0.1_k2_0.12	20	0.8	0.682706766917293	0.736842105263158	0.1	0.12	0.648705982180738	0.77103825136612
LC_k1_0.1_k2_0.12	30	0.846941045606229	0.826028921023359	0.741490545050056	0.1	0.12	0.648705982180738	0.77103825136612
LC_k1_0.1_k2_0.12	40	0.915196998123828	0.887429643527205	0.81031894934334	0.1	0.12	0.648705982180738	0.77103825136612
LC_k1_0.1_k2_0.12	50	0.873805522208884	0.839519807923169	0.811956782713085	0.1	0.12	0.648705982180738	0.77103825136612
LC_k1_0.1_k2_0.12	60	0.887691025284802	0.854237288135593	0.841178105029175	0.1	0.12	0.648705982180738	0.77103825136612
LC_k1_0.1_k2_0.12	70	0.893377657247835	0.86587350188085	0.87381681392704	0.1	0.12	0.648705982180738	0.77103825136612
LC_k1_0.1_k2_0.12	80	0.890811064228786	0.873394280356306	0.887740271917487	0.1	0.12	0.648705982180738	0.77103825136612
LC_k1_0.1_k2_0.12	90	0.885253323455571	0.873926822241429	0.898423673704573	0.1	0.12	0.648705982180738	0.77103825136612
LC_k1_0.1_k2_0.12	100	0.887788778877888	0.883300330033003	0.913591359135914	0.1	0.12	0.648705982180738	0.77103825136612
LC_k1_0.1_k2_0.12	110	0.895913261050876	0.891170570069652	0.92416202691432	0.1	0.12	0.648705982180738	0.77103825136612
LC_k1_0.1_k2_0.12	120	0.904416973400931	0.89796513646781	0.927376901173692	0.1	0.12	0.648705982180738	0.77103825136612
LC_k1_0.1_k2_0.12	130	0.898138715536195	0.892102855426129	0.933682011225061	0.1	0.12	0.648705982180738	0.77103825136612
LC_k1_0.1_k2_0.12	140	0.910913822133782	0.904231265443572	0.934228422732938	0.1	0.12	0.648705982180738	0.77103825136612
LC_k1_0.1_k2_0.12	150	0.90741632961465	0.896244277523446	0.927769234188186	0.1	0.12	0.648705982180738	0.77103825136612
LC_k1_0.1_k2_0.12	160	0.908959334348998	0.898034102894644	0.924361303175905	0.1	0.12	0.648705982180738	0.77103825136612
LC_k1_0.1_k2_0.12	170	0.911099712385733	0.899299589035241	0.918192976349681	0.1	0.12	0.648705982180738	0.77103825136612
LC_k1_0.1_k2_0.12	180	0.897591489449263	0.885465600790148	0.907482741236869	0.1	0.12	0.648705982180738	0.77103825136612
LC_k1_0.1_k2_0.12	190	0.888482112786329	0.878864701019565	0.901129787820336	0.1	0.12	0.648705982180738	0.77103825136612
LC_k1_0.1_k2_0.12	200	0.884423610590265	0.876782419560489	0.905859146478662	0.1	0.12	0.648705982180738	0.77103825136612
LC_k1_0.1_k2_0.12	210	0.875480169618359	0.864863796717127	0.902275723777345	0.1	0.12	0.648705982180738	0.77103825136612
LC_k1_0.1_k2_0.12	220	0.868242957686955	0.854984982785144	0.902474318590354	0.1	0.12	0.648705982180738	0.77103825136612
LC_k1_0.1_k2_0.12	230	0.86265376924196	0.847146284511008	0.907577442492954	0.1	0.12	0.648705982180738	0.77103825136612
LC_k1_0.1_k2_0.12	240	0.852112883904234	0.833623847636244	0.914237226340735	0.1	0.12	0.648705982180738	0.77103825136612
LC_k1_0.1_k2_0.12	250	0.85176671626746	0.833700763212211	0.915287541579507	0.1	0.12	0.648705982180738	0.77103825136612
LC_k1_0.1_k2_0.12	260	0.848624069313724	0.829372305234374	0.915287541579507	0.1	0.12	0.648705982180738	0.77103825136612
LC_k1_0.1_k2_0.12	270	0.847550416024606	0.826890477083209	0.915287541579507	0.1	0.12	0.648705982180738	0.77103825136612
LC_k1_0.1_k2_0.12	280	0.831017706129634	0.806816777910797	0.915287541579507	0.1	0.12	0.648705982180738	0.77103825136612
LC_k1_0.1_k2_0.12	290	0.825223720319771	0.801607711108952	0.915287541579507	0.1	0.12	0.648705982180738	0.77103825136612
LC_k1_0.1_k2_0.12	300	0.821000677785309	0.801253791708797	0.915287541579507	0.1	0.12	0.648705982180738	0.77103825136612
LC_k1_0.1_k2_0.2	10	0.454545454545455	0.248484848484848	0.6	0.1	0.2	0.643869325413662	0.767395264116576
LC_k1_0.1_k2_0.2	20	0.82406015037594	0.735338345864662	0.744360902255639	0.1	0.2	0.643869325413662	0.767395264116576
LC_k1_0.1_k2_0.2	30	0.878086763070078	0.859399332591769	0.755728587319244	0.1	0.2	0.643869325413662	0.767395264116576
LC_k1_0.1_k2_0.2	40	0.925515947467167	0.903564727954972	0.820825515947468	0.1	0.2	0.643869325413662	0.767395264116576
LC_k1_0.1_k2_0.2	50	0.887731092436975	0.857767106842737	0.815510204081633	0.1	0.2	0.643869325413662	0.767395264116576
LC_k1_0.1_k2_0.2	60	0.892525701583774	0.861350375104196	0.845234787440956	0.1	0.2	0.643869325413662	0.767395264116576
LC_k1_0.1_k2_0.2	70	0.903140582626192	0.877665995975855	0.882040066485872	0.1	0.2	0.643869325413662	0.767395264116576
LC_k1_0.1_k2_0.2	80	0.912259728082513	0.894585091420534	0.889756211908111	0.1	0.2	0.643869325413662	0.767395264116576
LC_k1_0.1_k2_0.2	90	0.896118862410997	0.884528954191876	0.900728484998148	0.1	0.2	0.643869325413662	0.767395264116576
LC_k1_0.1_k2_0.2	100	0.896921692169217	0.892841284128413	0.915955595559556	0.1	0.2	0.643869325413662	0.767395264116576
LC_k1_0.1_k2_0.2	110	0.903838784572729	0.899555936253184	0.926704686337714	0.1	0.2	0.643869325413662	0.767395264116576
LC_k1_0.1_k2_0.2	120	0.906618515174665	0.90075005208695	0.930370164594763	0.1	0.2	0.643869325413662	0.767395264116576
LC_k1_0.1_k2_0.2	130	0.905867893867184	0.899974053995002	0.933146704174576	0.1	0.2	0.643869325413662	0.767395264116576
LC_k1_0.1_k2_0.2	140	0.917666353239597	0.910200957774814	0.936043384137675	0.1	0.2	0.643869325413662	0.767395264116576
LC_k1_0.1_k2_0.2	150	0.915285123783279	0.903785946042046	0.930592470776479	0.1	0.2	0.643869325413662	0.767395264116576
LC_k1_0.1_k2_0.2	160	0.915478143677487	0.903761865697879	0.930962146958865	0.1	0.2	0.643869325413662	0.767395264116576
LC_k1_0.1_k2_0.2	170	0.913928224668877	0.90261661812031	0.918774311343971	0.1	0.2	0.643869325413662	0.767395264116576
LC_k1_0.1_k2_0.2	180	0.901044270913711	0.890305256335072	0.911949957303209	0.1	0.2	0.643869325413662	0.767395264116576
LC_k1_0.1_k2_0.2	190	0.892931281082287	0.882292117728877	0.905173054801052	0.1	0.2	0.643869325413662	0.767395264116576
LC_k1_0.1_k2_0.2	200	0.889750243756094	0.879594989874747	0.904882622065552	0.1	0.2	0.643869325413662	0.767395264116576
LC_k1_0.1_k2_0.2	210	0.88398700326862	0.871200189184724	0.90657514099769	0.1	0.2	0.643869325413662	0.767395264116576
LC_k1_0.1_k2_0.2	220	0.875398252030001	0.860381037173946	0.909119083978069	0.1	0.2	0.643869325413662	0.767395264116576
LC_k1_0.1_k2_0.2	230	0.870819288932067	0.858703665804482	0.910584649829002	0.1	0.2	0.643869325413662	0.767395264116576
LC_k1_0.1_k2_0.2	240	0.859020989947742	0.842720359728467	0.917139186444209	0.1	0.2	0.643869325413662	0.767395264116576
LC_k1_0.1_k2_0.2	250	0.848809868957903	0.833200019200307	0.918150955042694	0.1	0.2	0.643869325413662	0.767395264116576
LC_k1_0.1_k2_0.2	260	0.848249917215435	0.830935824039272	0.918150955042694	0.1	0.2	0.643869325413662	0.767395264116576
LC_k1_0.1_k2_0.2	270	0.847629063651231	0.827180071057216	0.918150955042694	0.1	0.2	0.643869325413662	0.767395264116576
LC_k1_0.1_k2_0.2	280	0.839531845340593	0.81677845745117	0.918150955042694	0.1	0.2	0.643869325413662	0.767395264116576
LC_k1_0.1_k2_0.2	290	0.830086954168548	0.810529216182406	0.918150955042694	0.1	0.2	0.643869325413662	0.767395264116576
LC_k1_0.1_k2_0.2	300	0.824017600195558	0.804457827309192	0.918150955042694	0.1	0.2	0.643869325413662	0.767395264116576
LC_k1_0.1_k2_0.28	10	0.321212121212121	0.357575757575758	0.624242424242424	0.1	0.28	0.629868476877387	0.754462659380692
LC_k1_0.1_k2_0.28	20	0.858646616541354	0.789473684210526	0.771428571428571	0.1	0.28	0.629868476877387	0.754462659380692
LC_k1_0.1_k2_0.28	30	0.897219132369299	0.885650723025584	0.795773081201335	0.1	0.28	0.629868476877387	0.754462659380692
LC_k1_0.1_k2_0.28	40	0.935272045028143	0.916135084427768	0.823452157598499	0.1	0.28	0.629868476877387	0.754462659380692
LC_k1_0.1_k2_0.28	50	0.907515006002401	0.878895558223289	0.816182472989196	0.1	0.28	0.629868476877387	0.754462659380692
LC_k1_0.1_k2_0.28	60	0.910530702973048	0.878021672686858	0.839955543206447	0.1	0.28	0.629868476877387	0.754462659380692
LC_k1_0.1_k2_0.28	70	0.90258070160091	0.882424984690753	0.870002624442306	0.1	0.28	0.629868476877387	0.754462659380692
LC_k1_0.1_k2_0.28	80	0.920768870135959	0.90070323488045	0.883614627285513	0.1	0.28	0.629868476877387	0.754462659380692
LC_k1_0.1_k2_0.28	90	0.899905338107585	0.888249578137219	0.894538420381117	0.1	0.28	0.629868476877387	0.754462659380692
LC_k1_0.1_k2_0.28	100	0.911539153915392	0.905190519051905	0.910519051905191	0.1	0.28	0.629868476877387	0.754462659380692
LC_k1_0.1_k2_0.28	110	0.915370917205779	0.909681491332867	0.92443252259766	0.1	0.28	0.629868476877387	0.754462659380692
LC_k1_0.1_k2_0.28	120	0.916966456003889	0.909924300298632	0.933780123619696	0.1	0.28	0.629868476877387	0.754462659380692
LC_k1_0.1_k2_0.28	130	0.914804244220186	0.907954498900709	0.928072211828647	0.1	0.28	0.629868476877387	0.754462659380692
LC_k1_0.1_k2_0.28	140	0.924138986682994	0.915567120771468	0.931643742756555	0.1	0.28	0.629868476877387	0.754462659380692
LC_k1_0.1_k2_0.28	150	0.925500688919508	0.916718076358949	0.931552513445042	0.1	0.28	0.629868476877387	0.754462659380692
LC_k1_0.1_k2_0.28	160	0.909896870971522	0.899756826438533	0.921742060236728	0.1	0.28	0.629868476877387	0.754462659380692
LC_k1_0.1_k2_0.28	170	0.907838862732885	0.894526779880436	0.917601871019352	0.1	0.28	0.629868476877387	0.754462659380692
LC_k1_0.1_k2_0.28	180	0.902285049950101	0.890406082492258	0.908316100291161	0.1	0.28	0.629868476877387	0.754462659380692
LC_k1_0.1_k2_0.28	190	0.899049543579717	0.884291881536302	0.906793160912753	0.1	0.28	0.629868476877387	0.754462659380692
LC_k1_0.1_k2_0.28	200	0.889825245631141	0.877049426235656	0.906196654916373	0.1	0.28	0.629868476877387	0.754462659380692
LC_k1_0.1_k2_0.28	210	0.883731733469823	0.870998046602936	0.907593628621316	0.1	0.28	0.629868476877387	0.754462659380692
LC_k1_0.1_k2_0.28	220	0.876826155311248	0.863470131802122	0.905108107042031	0.1	0.28	0.629868476877387	0.754462659380692
LC_k1_0.1_k2_0.28	230	0.86476640883324	0.851374522572548	0.910426842950101	0.1	0.28	0.629868476877387	0.754462659380692
LC_k1_0.1_k2_0.28	240	0.857273563777149	0.840758520113196	0.917469053282175	0.1	0.28	0.629868476877387	0.754462659380692
LC_k1_0.1_k2_0.28	250	0.851253684058945	0.835946431142898	0.918480161860019	0.1	0.28	0.629868476877387	0.754462659380692
LC_k1_0.1_k2_0.28	260	0.855105503381365	0.83476405545371	0.918480161860019	0.1	0.28	0.629868476877387	0.754462659380692
LC_k1_0.1_k2_0.28	270	0.848291776598063	0.823745791361259	0.918480161860019	0.1	0.28	0.629868476877387	0.754462659380692
LC_k1_0.1_k2_0.28	280	0.847066380219864	0.829783907593573	0.918480161860019	0.1	0.28	0.629868476877387	0.754462659380692
LC_k1_0.1_k2_0.28	290	0.83063114039242	0.810021440248377	0.918480161860019	0.1	0.28	0.629868476877387	0.754462659380692
LC_k1_0.1_k2_0.28	300	0.81923176924188	0.800498227758086	0.918480161860019	0.1	0.28	0.629868476877387	0.754462659380692
LC_k1_0.1_k2_0.36	10	0.418181818181818	0.406060606060606	0.478787878787879	0.1	0.36	0.601951633432329	0.729690346083789
LC_k1_0.1_k2_0.36	20	0.762406015037594	0.706766917293233	0.700751879699248	0.1	0.36	0.601951633432329	0.729690346083789
LC_k1_0.1_k2_0.36	30	0.884315906562848	0.870967741935484	0.783314794215795	0.1	0.36	0.601951633432329	0.729690346083789
LC_k1_0.1_k2_0.36	40	0.916697936210132	0.894183864915572	0.825328330206379	0.1	0.36	0.601951633432329	0.729690346083789
LC_k1_0.1_k2_0.36	50	0.873805522208884	0.842881152460984	0.855366146458584	0.1	0.36	0.601951633432329	0.729690346083789
LC_k1_0.1_k2_0.36	60	0.887691025284802	0.853348152264518	0.843512086690748	0.1	0.36	0.601951633432329	0.729690346083789
LC_k1_0.1_k2_0.36	70	0.887638876738693	0.867623130084857	0.881795118537311	0.1	0.36	0.601951633432329	0.729690346083789
LC_k1_0.1_k2_0.36	80	0.897562119081106	0.876863572433193	0.885888420065635	0.1	0.36	0.601951633432329	0.729690346083789
LC_k1_0.1_k2_0.36	90	0.893962217557723	0.882734493970449	0.901074206692184	0.1	0.36	0.601951633432329	0.729690346083789
LC_k1_0.1_k2_0.36	100	0.914299429942994	0.905478547854786	0.908358835883588	0.1	0.36	0.601951633432329	0.729690346083789
LC_k1_0.1_k2_0.36	110	0.915947974663571	0.910691341884002	0.919761963798661	0.1	0.36	0.601951633432329	0.729690346083789
LC_k1_0.1_k2_0.36	120	0.921063962775193	0.914146815751094	0.93231474407945	0.1	0.36	0.601951633432329	0.729690346083789
LC_k1_0.1_k2_0.36	130	0.918453071870434	0.911199115104672	0.925286430239386	0.1	0.36	0.601951633432329	0.729690346083789
LC_k1_0.1_k2_0.36	140	0.913839627386237	0.904261879250399	0.926246965953074	0.1	0.36	0.601951633432329	0.729690346083789
LC_k1_0.1_k2_0.36	150	0.917966131828081	0.909716876305614	0.929568425263345	0.1	0.36	0.601951633432329	0.729690346083789
LC_k1_0.1_k2_0.36	160	0.913529825383804	0.90158209305051	0.918949958982773	0.1	0.36	0.601951633432329	0.729690346083789
LC_k1_0.1_k2_0.36	170	0.914717179303986	0.902653256880454	0.915931143556769	0.1	0.36	0.601951633432329	0.729690346083789
LC_k1_0.1_k2_0.36	180	0.915540603105034	0.899595666532918	0.905700793234359	0.1	0.36	0.601951633432329	0.729690346083789
LC_k1_0.1_k2_0.36	190	0.909625722246279	0.893347679845338	0.903869621698225	0.1	0.36	0.601951633432329	0.729690346083789
LC_k1_0.1_k2_0.36	200	0.903043576089402	0.886897172429311	0.90153603840096	0.1	0.36	0.601951633432329	0.729690346083789
LC_k1_0.1_k2_0.36	210	0.891524589154921	0.875761355132769	0.904856929052489	0.1	0.36	0.601951633432329	0.729690346083789
LC_k1_0.1_k2_0.36	220	0.889633332018505	0.873462073784394	0.905473253579619	0.1	0.36	0.601951633432329	0.729690346083789
LC_k1_0.1_k2_0.36	230	0.881612293155866	0.86687904842452	0.912481291254787	0.1	0.36	0.601951633432329	0.729690346083789
LC_k1_0.1_k2_0.36	240	0.858813521068074	0.844510321359746	0.914587058803104	0.1	0.36	0.601951633432329	0.729690346083789
LC_k1_0.1_k2_0.36	250	0.839153650458407	0.822384870157923	0.915631322656973	0.1	0.36	0.601951633432329	0.729690346083789
LC_k1_0.1_k2_0.36	260	0.839157611571405	0.817359838049493	0.915631322656973	0.1	0.36	0.601951633432329	0.729690346083789
LC_k1_0.1_k2_0.36	270	0.839120487859154	0.814450129631408	0.915631322656973	0.1	0.36	0.601951633432329	0.729690346083789
LC_k1_0.1_k2_0.36	280	0.839944022609618	0.815707015213387	0.915631322656973	0.1	0.36	0.601951633432329	0.729690346083789
LC_k1_0.1_k2_0.36	290	0.833348627295171	0.813993114026941	0.915631322656973	0.1	0.36	0.601951633432329	0.729690346083789
LC_k1_0.1_k2_0.36	300	0.822175801953355	0.806167624084712	0.915631322656973	0.1	0.36	0.601951633432329	0.729690346083789
LC_k1_0.1_k2_0.44	10	0.636363636363636	0.539393939393939	0.818181818181818	0.1	0.44	0.570046669495121	0.698907103825137
LC_k1_0.1_k2_0.44	20	0.807518796992481	0.771428571428571	0.733834586466166	0.1	0.44	0.570046669495121	0.698907103825137
LC_k1_0.1_k2_0.44	30	0.909232480533927	0.900778642936596	0.801557285873192	0.1	0.44	0.570046669495121	0.698907103825137
LC_k1_0.1_k2_0.44	40	0.930018761726079	0.923452157598499	0.824202626641651	0.1	0.44	0.570046669495121	0.698907103825137
LC_k1_0.1_k2_0.44	50	0.920960384153662	0.908091236494598	0.837983193277311	0.1	0.44	0.570046669495121	0.698907103825137
LC_k1_0.1_k2_0.44	60	0.87329813837177	0.837065851625452	0.842011669908308	0.1	0.44	0.570046669495121	0.698907103825137
LC_k1_0.1_k2_0.44	70	0.868602921879101	0.838789257282827	0.866363397777972	0.1	0.44	0.570046669495121	0.698907103825137
LC_k1_0.1_k2_0.44	80	0.887693389592124	0.859118612283169	0.88469292076887	0.1	0.44	0.570046669495121	0.698907103825137
LC_k1_0.1_k2_0.44	90	0.886998394863563	0.869827550726427	0.896118862410997	0.1	0.44	0.570046669495121	0.698907103825137
LC_k1_0.1_k2_0.44	100	0.898097809780978	0.88954095409541	0.911755175517552	0.1	0.44	0.570046669495121	0.698907103825137
LC_k1_0.1_k2_0.44	110	0.90289204968104	0.893758312106936	0.923530870319861	0.1	0.44	0.570046669495121	0.698907103825137
LC_k1_0.1_k2_0.44	120	0.902451559136051	0.894131536912285	0.931446628238072	0.1	0.44	0.570046669495121	0.698907103825137
LC_k1_0.1_k2_0.44	130	0.905381747668273	0.896882382662606	0.934206393641863	0.1	0.44	0.570046669495121	0.698907103825137
LC_k1_0.1_k2_0.44	140	0.912951826988258	0.902753055913932	0.921418731276377	0.1	0.44	0.570046669495121	0.698907103825137
LC_k1_0.1_k2_0.44	150	0.920305791368505	0.910989821769857	0.925977154540202	0.1	0.44	0.570046669495121	0.698907103825137
LC_k1_0.1_k2_0.44	160	0.907570608226884	0.897430563693894	0.924475565451775	0.1	0.44	0.570046669495121	0.698907103825137
LC_k1_0.1_k2_0.44	170	0.913647327507771	0.901361129939363	0.909402116499045	0.1	0.44	0.570046669495121	0.698907103825137
LC_k1_0.1_k2_0.44	180	0.917258763130549	0.904455898844614	0.903754231097668	0.1	0.44	0.570046669495121	0.698907103825137
LC_k1_0.1_k2_0.44	190	0.910481264242631	0.894427167394927	0.902802381171078	0.1	0.44	0.570046669495121	0.698907103825137
LC_k1_0.1_k2_0.44	200	0.888203705092628	0.871148278706968	0.896491412285307	0.1	0.44	0.570046669495121	0.698907103825137
LC_k1_0.1_k2_0.44	210	0.868022922450461	0.853090287113734	0.899725617360938	0.1	0.44	0.570046669495121	0.698907103825137
LC_k1_0.1_k2_0.44	220	0.868584437319329	0.85628553557643	0.906763663411528	0.1	0.44	0.570046669495121	0.698907103825137
LC_k1_0.1_k2_0.44	230	0.864048387534243	0.848331808688748	0.90329101314482	0.1	0.44	0.570046669495121	0.698907103825137
LC_k1_0.1_k2_0.44	240	0.853263077483984	0.841215993333217	0.908520113196409	0.1	0.44	0.570046669495121	0.698907103825137
LC_k1_0.1_k2_0.44	250	0.842290980655691	0.829164882638122	0.909639587119783	0.1	0.44	0.570046669495121	0.698907103825137
LC_k1_0.1_k2_0.44	260	0.837568147912975	0.821630497492566	0.909639587119783	0.1	0.44	0.570046669495121	0.698907103825137
LC_k1_0.1_k2_0.44	270	0.820809613300594	0.801937231268223	0.909639587119783	0.1	0.44	0.570046669495121	0.698907103825137
LC_k1_0.1_k2_0.44	280	0.813156873356621	0.789314003640717	0.909639587119783	0.1	0.44	0.570046669495121	0.698907103825137
LC_k1_0.1_k2_0.44	290	0.8245201160701	0.80179271474383	0.909639587119783	0.1	0.44	0.570046669495121	0.698907103825137
LC_k1_0.1_k2_0.44	300	0.819041989355437	0.793071923021367	0.909639587119783	0.1	0.44	0.570046669495121	0.698907103825137
LC_k1_0.1_k2_0.52	10	0.224242424242424	0.357575757575758	0.442424242424242	0.1	0.52	0.528892660161222	0.655373406193078
LC_k1_0.1_k2_0.52	20	0.786466165413534	0.738345864661654	0.807518796992481	0.1	0.52	0.528892660161222	0.655373406193078
LC_k1_0.1_k2_0.52	30	0.893659621802002	0.870967741935484	0.800222469410456	0.1	0.52	0.528892660161222	0.655373406193078
LC_k1_0.1_k2_0.52	40	0.928705440900563	0.893808630393997	0.842589118198875	0.1	0.52	0.528892660161222	0.655373406193078
LC_k1_0.1_k2_0.52	50	0.936038415366146	0.913085234093637	0.822617046818727	0.1	0.52	0.528892660161222	0.655373406193078
LC_k1_0.1_k2_0.52	60	0.919422061683801	0.900639066407335	0.812503473186997	0.1	0.52	0.528892660161222	0.655373406193078
LC_k1_0.1_k2_0.52	70	0.914933076721197	0.902370746216429	0.861009535473712	0.1	0.52	0.528892660161222	0.655373406193078
LC_k1_0.1_k2_0.52	80	0.927496483825598	0.912892639474918	0.865494608532583	0.1	0.52	0.528892660161222	0.655373406193078
LC_k1_0.1_k2_0.52	90	0.937128040498827	0.923743672058279	0.854928592007244	0.1	0.52	0.528892660161222	0.655373406193078
LC_k1_0.1_k2_0.52	100	0.92994899489949	0.91018301830183	0.856357635763576	0.1	0.52	0.528892660161222	0.655373406193078
LC_k1_0.1_k2_0.52	110	0.904830602078308	0.88781642359624	0.866384148952956	0.1	0.52	0.528892660161222	0.655373406193078
LC_k1_0.1_k2_0.52	120	0.906861587610251	0.8938884644767	0.883373845405931	0.1	0.52	0.528892660161222	0.655373406193078
LC_k1_0.1_k2_0.52	130	0.911494080214123	0.899924893143427	0.897663493970968	0.1	0.52	0.528892660161222	0.655373406193078
LC_k1_0.1_k2_0.52	140	0.916188143709956	0.902258861603726	0.905342109291291	0.1	0.52	0.528892660161222	0.655373406193078
LC_k1_0.1_k2_0.52	150	0.919857771456509	0.905674029956887	0.904617983021468	0.1	0.52	0.528892660161222	0.655373406193078
LC_k1_0.1_k2_0.52	160	0.921369975389664	0.9060353920075	0.907125278331185	0.1	0.52	0.528892660161222	0.655373406193078
LC_k1_0.1_k2_0.52	170	0.923918393268239	0.907518884227625	0.907775355548635	0.1	0.52	0.528892660161222	0.655373406193078
LC_k1_0.1_k2_0.52	180	0.917028303342696	0.901110116567384	0.901673919976954	0.1	0.52	0.528892660161222	0.655373406193078
LC_k1_0.1_k2_0.52	190	0.912857186596509	0.896126004365189	0.896974548063002	0.1	0.52	0.528892660161222	0.655373406193078
LC_k1_0.1_k2_0.52	200	0.909031725793145	0.891548788719718	0.886391659791495	0.1	0.52	0.528892660161222	0.655373406193078
LC_k1_0.1_k2_0.52	210	0.903024687958587	0.887242017149725	0.893470859397524	0.1	0.52	0.528892660161222	0.655373406193078
LC_k1_0.1_k2_0.52	220	0.89258267920637	0.877869753131639	0.895225483621938	0.1	0.52	0.528892660161222	0.655373406193078
LC_k1_0.1_k2_0.52	230	0.878616921335737	0.861166439408323	0.899231431185105	0.1	0.52	0.528892660161222	0.655373406193078
LC_k1_0.1_k2_0.52	240	0.879332106460181	0.862383027483116	0.907083456310005	0.1	0.52	0.528892660161222	0.655373406193078
LC_k1_0.1_k2_0.52	250	0.863448951183219	0.843827773244372	0.908228455814273	0.1	0.52	0.528892660161222	0.655373406193078
LC_k1_0.1_k2_0.52	260	0.849440649440649	0.830776741121569	0.908228455814273	0.1	0.52	0.528892660161222	0.655373406193078
LC_k1_0.1_k2_0.52	270	0.829881525581055	0.810989634059909	0.908228455814273	0.1	0.52	0.528892660161222	0.655373406193078
LC_k1_0.1_k2_0.52	280	0.828518403113742	0.810438362005346	0.908228455814273	0.1	0.52	0.528892660161222	0.655373406193078
LC_k1_0.1_k2_0.52	290	0.822155907385015	0.802338869091477	0.908228455814273	0.1	0.52	0.528892660161222	0.655373406193078
LC_k1_0.1_k2_0.52	300	0.823074478605318	0.806033400371115	0.908228455814273	0.1	0.52	0.528892660161222	0.655373406193078
LC_k1_0.1_k2_0.6	10	0.248484848484848	0.309090909090909	0.781818181818182	0.1	0.6	0.485277895630038	0.606921675774135
LC_k1_0.1_k2_0.6	20	0.55187969924812	0.593984962406015	0.616541353383459	0.1	0.6	0.485277895630038	0.606921675774135
LC_k1_0.1_k2_0.6	30	0.754838709677419	0.714794215795328	0.691657397107898	0.1	0.6	0.485277895630038	0.606921675774135
LC_k1_0.1_k2_0.6	40	0.831707317073171	0.790806754221389	0.716697936210132	0.1	0.6	0.485277895630038	0.606921675774135
LC_k1_0.1_k2_0.6	50	0.871116446578632	0.842881152460984	0.764225690276111	0.1	0.6	0.485277895630038	0.606921675774135
LC_k1_0.1_k2_0.6	60	0.878632953598222	0.860572381217005	0.803556543484301	0.1	0.6	0.485277895630038	0.606921675774135
LC_k1_0.1_k2_0.6	70	0.896666958271367	0.879240661359461	0.847012509841659	0.1	0.6	0.485277895630038	0.606921675774135
LC_k1_0.1_k2_0.6	80	0.893319268635725	0.873956868260666	0.875832161275199	0.1	0.6	0.485277895630038	0.606921675774135
LC_k1_0.1_k2_0.6	90	0.899148042968268	0.888414207515331	0.860460139111824	0.1	0.6	0.485277895630038	0.606921675774135
LC_k1_0.1_k2_0.6	100	0.881932193219322	0.872835283528353	0.870711071107111	0.1	0.6	0.485277895630038	0.606921675774135
LC_k1_0.1_k2_0.6	110	0.894497666974731	0.888844307192931	0.889754975993508	0.1	0.6	0.485277895630038	0.606921675774135
LC_k1_0.1_k2_0.6	120	0.902139037433155	0.896430307660254	0.900694492673102	0.1	0.6	0.485277895630038	0.606921675774135
LC_k1_0.1_k2_0.6	130	0.900558521897063	0.892916740635541	0.913875650357099	0.1	0.6	0.485277895630038	0.606921675774135
LC_k1_0.1_k2_0.6	140	0.907454461962345	0.898847608843017	0.916266864927511	0.1	0.6	0.485277895630038	0.606921675774135
LC_k1_0.1_k2_0.6	150	0.905766478510156	0.896233610382684	0.926286501622294	0.1	0.6	0.485277895630038	0.606921675774135
LC_k1_0.1_k2_0.6	160	0.909225946326028	0.898488222196179	0.919864057189734	0.1	0.6	0.485277895630038	0.606921675774135
LC_k1_0.1_k2_0.6	170	0.914074779709455	0.901756828548922	0.909099236081851	0.1	0.6	0.485277895630038	0.606921675774135
LC_k1_0.1_k2_0.6	180	0.912952045845037	0.898229369219215	0.903344753438892	0.1	0.6	0.485277895630038	0.606921675774135
LC_k1_0.1_k2_0.6	190	0.913413551330333	0.899047794005083	0.892019752697626	0.1	0.6	0.485277895630038	0.606921675774135
LC_k1_0.1_k2_0.6	200	0.908182704567614	0.893143328583215	0.890956273906848	0.1	0.6	0.485277895630038	0.606921675774135
LC_k1_0.1_k2_0.6	210	0.889398204688801	0.875083659169466	0.889313978613056	0.1	0.6	0.485277895630038	0.606921675774135
LC_k1_0.1_k2_0.6	220	0.879843122228296	0.866707989834501	0.8932836703989	0.1	0.6	0.485277895630038	0.606921675774135
LC_k1_0.1_k2_0.6	230	0.876202476088559	0.861305506720354	0.898938502166146	0.1	0.6	0.485277895630038	0.606921675774135
LC_k1_0.1_k2_0.6	240	0.865031510963732	0.848604142433028	0.905909824823348	0.1	0.6	0.485277895630038	0.606921675774135
LC_k1_0.1_k2_0.6	250	0.857456151298421	0.840024576393222	0.907070230787696	0.1	0.6	0.485277895630038	0.606921675774135
LC_k1_0.1_k2_0.6	260	0.834792731344455	0.820010309665482	0.907070230787696	0.1	0.6	0.485277895630038	0.606921675774135
LC_k1_0.1_k2_0.6	270	0.826778297522752	0.815292695677886	0.907070230787696	0.1	0.6	0.485277895630038	0.606921675774135
LC_k1_0.1_k2_0.6	280	0.821627826885547	0.805298172534999	0.907070230787696	0.1	0.6	0.485277895630038	0.606921675774135
LC_k1_0.1_k2_0.6	290	0.821478872806311	0.803952238556283	0.907070230787696	0.1	0.6	0.485277895630038	0.606921675774135
LC_k1_0.1_k2_0.6	300	0.814648607206747	0.798475094167713	0.907070230787696	0.1	0.6	0.485277895630038	0.606921675774135
